"","Accumbens_l.Px.Rat..W.Schiffer.","Accumbens_r.Px.Rat..W.Schiffer.","Amygdala_l.Px.Rat..W.Schiffer.","Amygdala_r.Px.Rat..W.Schiffer.","Striatum_l.Px.Rat..W.Schiffer.","Striatum_r.Px.Rat..W.Schiffer.","AuditoryCortex_l.Px.Rat..W.Schiffer.","AuditoryCortex_r.Px.Rat..W.Schiffer.","CingulateCortex_l.Px.Rat..W.Schiffer.","CingulateCortex_r.Px.Rat..W.Schiffer.","EntorhinalCortex_l.Px.Rat..W.Schiffer.","EntorhinalCortex_r.Px.Rat..W.Schiffer.","FrontalAssociationCortex_l.Px.Rat..W.Schiffer.","FrontalAssociationCortex_r.Px.Rat..W.Schiffer.","InsularCortex_l.Px.Rat..W.Schiffer.","InsularCortex_r.Px.Rat..W.Schiffer.","MedialPrefrontalCortex_l.Px.Rat..W.Schiffer.","MedialPrefrontalCortex_r.Px.Rat..W.Schiffer.","MotorCortex_l.Px.Rat..W.Schiffer.","MotorCortex_r.Px.Rat..W.Schiffer.","OrbitofrontalCortexl_l.Px.Rat..W.Schiffer.","OrbitofrontalCortex_r.Px.Rat..W.Schiffer.","ParACortex_l.Px.Rat..W.Schiffer.","ParACortex_r.Px.Rat..W.Schiffer.","RetrosplenialCortex_l.Px.Rat..W.Schiffer.","RetrosplenialCortex_r.Px.Rat..W.Schiffer.","SomatosensoryCortex_l.Px.Rat..W.Schiffer.","SomatosensoryCortex_r.Px.Rat..W.Schiffer.","VisualCortex_l.Px.Rat..W.Schiffer.","VisualCortex_r.Px.Rat..W.Schiffer.","HippocampusAnteroDorsal_l.Px.Rat..W.Schiffer.","HippocampusAnteroDorsal_r.Px.Rat..W.Schiffer.","HippocampusPosterior_l.Px.Rat..W.Schiffer.","HippocampusPosterior_r.Px.Rat..W.Schiffer.","Hypothalamus_l.Px.Rat..W.Schiffer.","Hypothalamus_r.Px.Rat..W.Schiffer.","Olfactory_l.Px.Rat..W.Schiffer.","Olfactory_r.Px.Rat..W.Schiffer.","ColliculusSuperior_l.Px.Rat..W.Schiffer.","ColliculusSuperior_r.Px.Rat..W.Schiffer.","Midbrain_l.Px.Rat..W.Schiffer.","Midbrain_r.Px.Rat..W.Schiffer.","VentralTegmentalArea_l.Px.Rat..W.Schiffer.","VentralTegmentalArea_r.Px.Rat..W.Schiffer.","Cerebellum_GM_l.Px.Rat..W.Schiffer.","Cerebellum_GM_r.Px.Rat..W.Schiffer.","Cerebellum_WM_l.Px.Rat..W.Schiffer.","Cerebellum_WM_r.Px.Rat..W.Schiffer.","ColliculusInferior_l.Px.Rat..W.Schiffer.","ColliculusInferior_r.Px.Rat..W.Schiffer.","Thalamus_l.Px.Rat..W.Schiffer.","Thalamus_r.Px.Rat..W.Schiffer.","Pituitary.Px.Rat..W.Schiffer.","Cerebellum.blood.Px.Rat..W.Schiffer.","CentralCanal.PAG.Px.Rat..W.Schiffer.","Pons.Px.Rat..W.Schiffer.","Septum.Px.Rat..W.Schiffer.","Medulla.Px.Rat..W.Schiffer."
"Accumbens_l.Px.Rat..W.Schiffer.",1,0.973039215686275,0.938725490196079,0.889705882352941,0.877450980392157,0.970588235294118,0.718137254901961,0.916666666666667,0.901960784313726,0.806372549019608,0.882352941176471,0.816176470588235,0.892156862745098,0.806372549019608,0.816176470588235,0.899509803921569,0.975490196078431,0.965686274509804,0.987745098039216,0.877450980392157,0.911764705882353,0.936274509803922,0.955882352941177,0.955882352941177,0.833333333333333,0.938725490196079,NA,NA,NA,NA,NA,NA,NA,NA,NA,NA,NA,NA,NA,NA,NA,NA,NA,NA,NA,NA,NA,NA,NA,NA,NA,NA,NA,NA,NA,NA,NA,NA
"Accumbens_r.Px.Rat..W.Schiffer.",0.973039215686275,1,0.877450980392157,0.845588235294118,0.811274509803922,0.975490196078431,0.666666666666667,0.86764705882353,0.821078431372549,0.723039215686275,0.823529411764706,0.764705882352941,0.872549019607843,0.723039215686275,0.776960784313726,0.865196078431373,0.965686274509804,0.980392156862745,0.985294117647059,0.833333333333333,0.894607843137255,0.95343137254902,0.924019607843137,0.943627450980392,0.779411764705882,0.904411764705882,NA,NA,NA,NA,NA,NA,NA,NA,NA,NA,NA,NA,NA,NA,NA,NA,NA,NA,NA,NA,NA,NA,NA,NA,NA,NA,NA,NA,NA,NA,NA,NA
"Amygdala_l.Px.Rat..W.Schiffer.",0.938725490196079,0.877450980392157,1,0.970588235294118,0.973039215686275,0.928921568627451,0.838235294117647,0.975490196078431,0.980392156862745,0.943627450980392,0.965686274509804,0.936274509803922,0.931372549019608,0.943627450980392,0.91421568627451,0.96078431372549,0.948529411764706,0.870098039215686,0.894607843137255,0.95343137254902,0.938725490196079,0.916666666666667,0.941176470588235,0.950980392156863,0.91421568627451,0.968137254901961,NA,NA,NA,NA,NA,NA,NA,NA,NA,NA,NA,NA,NA,NA,NA,NA,NA,NA,NA,NA,NA,NA,NA,NA,NA,NA,NA,NA,NA,NA,NA,NA
"Amygdala_r.Px.Rat..W.Schiffer.",0.889705882352941,0.845588235294118,0.970588235294118,1,0.970588235294118,0.911764705882353,0.82843137254902,0.968137254901961,0.941176470588235,0.950980392156863,0.950980392156863,0.980392156862745,0.958333333333333,0.96078431372549,0.973039215686275,0.95343137254902,0.916666666666667,0.823529411764706,0.83578431372549,0.965686274509804,0.926470588235294,0.877450980392157,0.936274509803922,0.948529411764706,0.941176470588235,0.921568627450981,NA,NA,NA,NA,NA,NA,NA,NA,NA,NA,NA,NA,NA,NA,NA,NA,NA,NA,NA,NA,NA,NA,NA,NA,NA,NA,NA,NA,NA,NA,NA,NA
"Striatum_l.Px.Rat..W.Schiffer.",0.877450980392157,0.811274509803922,0.973039215686275,0.970588235294118,1,0.875,0.875,0.95343137254902,0.95343137254902,0.970588235294118,0.96078431372549,0.955882352941177,0.938725490196079,0.95343137254902,0.946078431372549,0.936274509803922,0.884803921568628,0.799019607843137,0.821078431372549,0.938725490196079,0.901960784313726,0.857843137254902,0.892156862745098,0.901960784313726,0.904411764705882,0.911764705882353,NA,NA,NA,NA,NA,NA,NA,NA,NA,NA,NA,NA,NA,NA,NA,NA,NA,NA,NA,NA,NA,NA,NA,NA,NA,NA,NA,NA,NA,NA,NA,NA
"Striatum_r.Px.Rat..W.Schiffer.",0.970588235294118,0.975490196078431,0.928921568627451,0.911764705882353,0.875,1,0.727941176470588,0.933823529411765,0.872549019607843,0.803921568627451,0.872549019607843,0.843137254901961,0.916666666666667,0.806372549019608,0.843137254901961,0.906862745098039,0.965686274509804,0.95343137254902,0.968137254901961,0.872549019607843,0.91421568627451,0.963235294117647,0.965686274509804,0.968137254901961,0.811274509803922,0.943627450980392,NA,NA,NA,NA,NA,NA,NA,NA,NA,NA,NA,NA,NA,NA,NA,NA,NA,NA,NA,NA,NA,NA,NA,NA,NA,NA,NA,NA,NA,NA,NA,NA
"AuditoryCortex_l.Px.Rat..W.Schiffer.",0.718137254901961,0.666666666666667,0.838235294117647,0.82843137254902,0.875,0.727941176470588,1,0.855392156862745,0.823529411764706,0.897058823529412,0.889705882352941,0.808823529411765,0.762254901960784,0.821078431372549,0.779411764705882,0.772058823529412,0.725490196078431,0.656862745098039,0.686274509803922,0.772058823529412,0.757352941176471,0.740196078431373,0.691176470588235,0.720588235294118,0.740196078431373,0.769607843137255,NA,NA,NA,NA,NA,NA,NA,NA,NA,NA,NA,NA,NA,NA,NA,NA,NA,NA,NA,NA,NA,NA,NA,NA,NA,NA,NA,NA,NA,NA,NA,NA
"AuditoryCortex_r.Px.Rat..W.Schiffer.",0.916666666666667,0.86764705882353,0.975490196078431,0.968137254901961,0.95343137254902,0.933823529411765,0.855392156862745,1,0.933823529411765,0.931372549019608,0.943627450980392,0.931372549019608,0.906862745098039,0.928921568627451,0.909313725490196,0.96078431372549,0.924019607843137,0.875,0.882352941176471,0.938725490196079,0.943627450980392,0.916666666666667,0.931372549019608,0.936274509803922,0.889705882352941,0.963235294117647,NA,NA,NA,NA,NA,NA,NA,NA,NA,NA,NA,NA,NA,NA,NA,NA,NA,NA,NA,NA,NA,NA,NA,NA,NA,NA,NA,NA,NA,NA,NA,NA
"CingulateCortex_l.Px.Rat..W.Schiffer.",0.901960784313726,0.821078431372549,0.980392156862745,0.941176470588235,0.95343137254902,0.872549019607843,0.823529411764706,0.933823529411765,1,0.926470588235294,0.95343137254902,0.911764705882353,0.887254901960784,0.938725490196079,0.887254901960784,0.928921568627451,0.916666666666667,0.818627450980392,0.843137254901961,0.936274509803922,0.897058823529412,0.865196078431373,0.904411764705882,0.91421568627451,0.909313725490196,0.931372549019608,NA,NA,NA,NA,NA,NA,NA,NA,NA,NA,NA,NA,NA,NA,NA,NA,NA,NA,NA,NA,NA,NA,NA,NA,NA,NA,NA,NA,NA,NA,NA,NA
"CingulateCortex_r.Px.Rat..W.Schiffer.",0.806372549019608,0.723039215686275,0.943627450980392,0.950980392156863,0.970588235294118,0.803921568627451,0.897058823529412,0.931372549019608,0.926470588235294,1,0.955882352941177,0.958333333333333,0.904411764705882,0.973039215686275,0.924019607843137,0.904411764705882,0.823529411764706,0.715686274509804,0.737745098039216,0.926470588235294,0.872549019607843,0.799019607843137,0.825980392156863,0.848039215686275,0.91421568627451,0.865196078431373,NA,NA,NA,NA,NA,NA,NA,NA,NA,NA,NA,NA,NA,NA,NA,NA,NA,NA,NA,NA,NA,NA,NA,NA,NA,NA,NA,NA,NA,NA,NA,NA
"EntorhinalCortex_l.Px.Rat..W.Schiffer.",0.882352941176471,0.823529411764706,0.965686274509804,0.950980392156863,0.96078431372549,0.872549019607843,0.889705882352941,0.943627450980392,0.95343137254902,0.955882352941177,1,0.926470588235294,0.921568627450981,0.943627450980392,0.904411764705882,0.919117647058824,0.892156862745098,0.811274509803922,0.83578431372549,0.933823529411765,0.909313725490196,0.879901960784314,0.872549019607843,0.889705882352941,0.916666666666667,0.904411764705882,NA,NA,NA,NA,NA,NA,NA,NA,NA,NA,NA,NA,NA,NA,NA,NA,NA,NA,NA,NA,NA,NA,NA,NA,NA,NA,NA,NA,NA,NA,NA,NA
"EntorhinalCortex_r.Px.Rat..W.Schiffer.",0.816176470588235,0.764705882352941,0.936274509803922,0.980392156862745,0.955882352941177,0.843137254901961,0.808823529411765,0.931372549019608,0.911764705882353,0.958333333333333,0.926470588235294,1,0.950980392156863,0.982843137254902,0.987745098039216,0.933823529411765,0.850490196078431,0.747549019607843,0.745098039215686,0.955882352941177,0.901960784313726,0.825980392156863,0.877450980392157,0.899509803921569,0.941176470588235,0.882352941176471,NA,NA,NA,NA,NA,NA,NA,NA,NA,NA,NA,NA,NA,NA,NA,NA,NA,NA,NA,NA,NA,NA,NA,NA,NA,NA,NA,NA,NA,NA,NA,NA
"FrontalAssociationCortex_l.Px.Rat..W.Schiffer.",0.892156862745098,0.872549019607843,0.931372549019608,0.958333333333333,0.938725490196079,0.916666666666667,0.762254901960784,0.906862745098039,0.887254901960784,0.904411764705882,0.921568627450981,0.950980392156863,1,0.911764705882353,0.955882352941177,0.904411764705882,0.894607843137255,0.82843137254902,0.848039215686275,0.916666666666667,0.894607843137255,0.882352941176471,0.916666666666667,0.931372549019608,0.892156862745098,0.879901960784314,NA,NA,NA,NA,NA,NA,NA,NA,NA,NA,NA,NA,NA,NA,NA,NA,NA,NA,NA,NA,NA,NA,NA,NA,NA,NA,NA,NA,NA,NA,NA,NA
"FrontalAssociationCortex_r.Px.Rat..W.Schiffer.",0.806372549019608,0.723039215686275,0.943627450980392,0.96078431372549,0.95343137254902,0.806372549019608,0.821078431372549,0.928921568627451,0.938725490196079,0.973039215686275,0.943627450980392,0.982843137254902,0.911764705882353,1,0.955882352941177,0.926470588235294,0.833333333333333,0.725490196078431,0.725490196078431,0.95343137254902,0.892156862745098,0.803921568627451,0.852941176470588,0.86764705882353,0.946078431372549,0.884803921568628,NA,NA,NA,NA,NA,NA,NA,NA,NA,NA,NA,NA,NA,NA,NA,NA,NA,NA,NA,NA,NA,NA,NA,NA,NA,NA,NA,NA,NA,NA,NA,NA
"InsularCortex_l.Px.Rat..W.Schiffer.",0.816176470588235,0.776960784313726,0.91421568627451,0.973039215686275,0.946078431372549,0.843137254901961,0.779411764705882,0.909313725490196,0.887254901960784,0.924019607843137,0.904411764705882,0.987745098039216,0.955882352941177,0.955882352941177,1,0.909313725490196,0.843137254901961,0.752450980392157,0.747549019607843,0.936274509803922,0.877450980392157,0.806372549019608,0.882352941176471,0.892156862745098,0.924019607843137,0.855392156862745,NA,NA,NA,NA,NA,NA,NA,NA,NA,NA,NA,NA,NA,NA,NA,NA,NA,NA,NA,NA,NA,NA,NA,NA,NA,NA,NA,NA,NA,NA,NA,NA
"InsularCortex_r.Px.Rat..W.Schiffer.",0.899509803921569,0.865196078431373,0.96078431372549,0.95343137254902,0.936274509803922,0.906862745098039,0.772058823529412,0.96078431372549,0.928921568627451,0.904411764705882,0.919117647058824,0.933823529411765,0.904411764705882,0.926470588235294,0.909313725490196,1,0.941176470588235,0.882352941176471,0.857843137254902,0.982843137254902,0.985294117647059,0.933823529411765,0.904411764705882,0.950980392156863,0.936274509803922,0.968137254901961,NA,NA,NA,NA,NA,NA,NA,NA,NA,NA,NA,NA,NA,NA,NA,NA,NA,NA,NA,NA,NA,NA,NA,NA,NA,NA,NA,NA,NA,NA,NA,NA
"MedialPrefrontalCortex_l.Px.Rat..W.Schiffer.",0.975490196078431,0.965686274509804,0.948529411764706,0.916666666666667,0.884803921568628,0.965686274509804,0.725490196078431,0.924019607843137,0.916666666666667,0.823529411764706,0.892156862745098,0.850490196078431,0.894607843137255,0.833333333333333,0.843137254901961,0.941176470588235,1,0.955882352941177,0.958333333333333,0.926470588235294,0.950980392156863,0.958333333333333,0.95343137254902,0.982843137254902,0.887254901960784,0.958333333333333,NA,NA,NA,NA,NA,NA,NA,NA,NA,NA,NA,NA,NA,NA,NA,NA,NA,NA,NA,NA,NA,NA,NA,NA,NA,NA,NA,NA,NA,NA,NA,NA
"MedialPrefrontalCortex_r.Px.Rat..W.Schiffer.",0.965686274509804,0.980392156862745,0.870098039215686,0.823529411764706,0.799019607843137,0.95343137254902,0.656862745098039,0.875,0.818627450980392,0.715686274509804,0.811274509803922,0.747549019607843,0.82843137254902,0.725490196078431,0.752450980392157,0.882352941176471,0.955882352941177,1,0.975490196078431,0.843137254901961,0.911764705882353,0.955882352941177,0.894607843137255,0.919117647058824,0.781862745098039,0.919117647058824,NA,NA,NA,NA,NA,NA,NA,NA,NA,NA,NA,NA,NA,NA,NA,NA,NA,NA,NA,NA,NA,NA,NA,NA,NA,NA,NA,NA,NA,NA,NA,NA
"MotorCortex_l.Px.Rat..W.Schiffer.",0.987745098039216,0.985294117647059,0.894607843137255,0.83578431372549,0.821078431372549,0.968137254901961,0.686274509803922,0.882352941176471,0.843137254901961,0.737745098039216,0.83578431372549,0.745098039215686,0.848039215686275,0.725490196078431,0.747549019607843,0.857843137254902,0.958333333333333,0.975490196078431,1,0.818627450980392,0.879901960784314,0.938725490196079,0.924019607843137,0.926470588235294,0.759803921568628,0.91421568627451,NA,NA,NA,NA,NA,NA,NA,NA,NA,NA,NA,NA,NA,NA,NA,NA,NA,NA,NA,NA,NA,NA,NA,NA,NA,NA,NA,NA,NA,NA,NA,NA
"MotorCortex_r.Px.Rat..W.Schiffer.",0.877450980392157,0.833333333333333,0.95343137254902,0.965686274509804,0.938725490196079,0.872549019607843,0.772058823529412,0.938725490196079,0.936274509803922,0.926470588235294,0.933823529411765,0.955882352941177,0.916666666666667,0.95343137254902,0.936274509803922,0.982843137254902,0.926470588235294,0.843137254901961,0.818627450980392,1,0.965686274509804,0.889705882352941,0.889705882352941,0.938725490196079,0.980392156862745,0.928921568627451,NA,NA,NA,NA,NA,NA,NA,NA,NA,NA,NA,NA,NA,NA,NA,NA,NA,NA,NA,NA,NA,NA,NA,NA,NA,NA,NA,NA,NA,NA,NA,NA
"OrbitofrontalCortexl_l.Px.Rat..W.Schiffer.",0.911764705882353,0.894607843137255,0.938725490196079,0.926470588235294,0.901960784313726,0.91421568627451,0.757352941176471,0.943627450980392,0.897058823529412,0.872549019607843,0.909313725490196,0.901960784313726,0.894607843137255,0.892156862745098,0.877450980392157,0.985294117647059,0.950980392156863,0.911764705882353,0.879901960784314,0.965686274509804,1,0.95343137254902,0.899509803921569,0.95343137254902,0.931372549019608,0.96078431372549,NA,NA,NA,NA,NA,NA,NA,NA,NA,NA,NA,NA,NA,NA,NA,NA,NA,NA,NA,NA,NA,NA,NA,NA,NA,NA,NA,NA,NA,NA,NA,NA
"OrbitofrontalCortex_r.Px.Rat..W.Schiffer.",0.936274509803922,0.95343137254902,0.916666666666667,0.877450980392157,0.857843137254902,0.963235294117647,0.740196078431373,0.916666666666667,0.865196078431373,0.799019607843137,0.879901960784314,0.825980392156863,0.882352941176471,0.803921568627451,0.806372549019608,0.933823529411765,0.958333333333333,0.955882352941177,0.938725490196079,0.889705882352941,0.95343137254902,1,0.897058823529412,0.941176470588235,0.821078431372549,0.96078431372549,NA,NA,NA,NA,NA,NA,NA,NA,NA,NA,NA,NA,NA,NA,NA,NA,NA,NA,NA,NA,NA,NA,NA,NA,NA,NA,NA,NA,NA,NA,NA,NA
"ParACortex_l.Px.Rat..W.Schiffer.",0.955882352941177,0.924019607843137,0.941176470588235,0.936274509803922,0.892156862745098,0.965686274509804,0.691176470588235,0.931372549019608,0.904411764705882,0.825980392156863,0.872549019607843,0.877450980392157,0.916666666666667,0.852941176470588,0.882352941176471,0.904411764705882,0.95343137254902,0.894607843137255,0.924019607843137,0.889705882352941,0.899509803921569,0.897058823529412,1,0.975490196078431,0.857843137254902,0.931372549019608,NA,NA,NA,NA,NA,NA,NA,NA,NA,NA,NA,NA,NA,NA,NA,NA,NA,NA,NA,NA,NA,NA,NA,NA,NA,NA,NA,NA,NA,NA,NA,NA
"ParACortex_r.Px.Rat..W.Schiffer.",0.955882352941177,0.943627450980392,0.950980392156863,0.948529411764706,0.901960784313726,0.968137254901961,0.720588235294118,0.936274509803922,0.91421568627451,0.848039215686275,0.889705882352941,0.899509803921569,0.931372549019608,0.86764705882353,0.892156862745098,0.950980392156863,0.982843137254902,0.919117647058824,0.926470588235294,0.938725490196079,0.95343137254902,0.941176470588235,0.975490196078431,1,0.904411764705882,0.950980392156863,NA,NA,NA,NA,NA,NA,NA,NA,NA,NA,NA,NA,NA,NA,NA,NA,NA,NA,NA,NA,NA,NA,NA,NA,NA,NA,NA,NA,NA,NA,NA,NA
"RetrosplenialCortex_l.Px.Rat..W.Schiffer.",0.833333333333333,0.779411764705882,0.91421568627451,0.941176470588235,0.904411764705882,0.811274509803922,0.740196078431373,0.889705882352941,0.909313725490196,0.91421568627451,0.916666666666667,0.941176470588235,0.892156862745098,0.946078431372549,0.924019607843137,0.936274509803922,0.887254901960784,0.781862745098039,0.759803921568628,0.980392156862745,0.931372549019608,0.821078431372549,0.857843137254902,0.904411764705882,1,0.865196078431373,NA,NA,NA,NA,NA,NA,NA,NA,NA,NA,NA,NA,NA,NA,NA,NA,NA,NA,NA,NA,NA,NA,NA,NA,NA,NA,NA,NA,NA,NA,NA,NA
"RetrosplenialCortex_r.Px.Rat..W.Schiffer.",0.938725490196079,0.904411764705882,0.968137254901961,0.921568627450981,0.911764705882353,0.943627450980392,0.769607843137255,0.963235294117647,0.931372549019608,0.865196078431373,0.904411764705882,0.882352941176471,0.879901960784314,0.884803921568628,0.855392156862745,0.968137254901961,0.958333333333333,0.919117647058824,0.91421568627451,0.928921568627451,0.96078431372549,0.96078431372549,0.931372549019608,0.950980392156863,0.865196078431373,1,NA,NA,NA,NA,NA,NA,NA,NA,NA,NA,NA,NA,NA,NA,NA,NA,NA,NA,NA,NA,NA,NA,NA,NA,NA,NA,NA,NA,NA,NA,NA,NA
"SomatosensoryCortex_l.Px.Rat..W.Schiffer.",NA,NA,NA,NA,NA,NA,NA,NA,NA,NA,NA,NA,NA,NA,NA,NA,NA,NA,NA,NA,NA,NA,NA,NA,NA,NA,1,NA,NA,NA,NA,NA,NA,NA,NA,NA,NA,NA,NA,NA,NA,NA,NA,NA,NA,NA,NA,NA,NA,NA,NA,NA,NA,NA,NA,NA,NA,NA
"SomatosensoryCortex_r.Px.Rat..W.Schiffer.",NA,NA,NA,NA,NA,NA,NA,NA,NA,NA,NA,NA,NA,NA,NA,NA,NA,NA,NA,NA,NA,NA,NA,NA,NA,NA,NA,1,NA,NA,NA,NA,NA,NA,NA,NA,NA,NA,NA,NA,NA,NA,NA,NA,NA,NA,NA,NA,NA,NA,NA,NA,NA,NA,NA,NA,NA,NA
"VisualCortex_l.Px.Rat..W.Schiffer.",NA,NA,NA,NA,NA,NA,NA,NA,NA,NA,NA,NA,NA,NA,NA,NA,NA,NA,NA,NA,NA,NA,NA,NA,NA,NA,NA,NA,1,NA,NA,NA,NA,NA,NA,NA,NA,NA,NA,NA,NA,NA,NA,NA,NA,NA,NA,NA,NA,NA,NA,NA,NA,NA,NA,NA,NA,NA
"VisualCortex_r.Px.Rat..W.Schiffer.",NA,NA,NA,NA,NA,NA,NA,NA,NA,NA,NA,NA,NA,NA,NA,NA,NA,NA,NA,NA,NA,NA,NA,NA,NA,NA,NA,NA,NA,1,NA,NA,NA,NA,NA,NA,NA,NA,NA,NA,NA,NA,NA,NA,NA,NA,NA,NA,NA,NA,NA,NA,NA,NA,NA,NA,NA,NA
"HippocampusAnteroDorsal_l.Px.Rat..W.Schiffer.",NA,NA,NA,NA,NA,NA,NA,NA,NA,NA,NA,NA,NA,NA,NA,NA,NA,NA,NA,NA,NA,NA,NA,NA,NA,NA,NA,NA,NA,NA,1,NA,NA,NA,NA,NA,NA,NA,NA,NA,NA,NA,NA,NA,NA,NA,NA,NA,NA,NA,NA,NA,NA,NA,NA,NA,NA,NA
"HippocampusAnteroDorsal_r.Px.Rat..W.Schiffer.",NA,NA,NA,NA,NA,NA,NA,NA,NA,NA,NA,NA,NA,NA,NA,NA,NA,NA,NA,NA,NA,NA,NA,NA,NA,NA,NA,NA,NA,NA,NA,1,NA,NA,NA,NA,NA,NA,NA,NA,NA,NA,NA,NA,NA,NA,NA,NA,NA,NA,NA,NA,NA,NA,NA,NA,NA,NA
"HippocampusPosterior_l.Px.Rat..W.Schiffer.",NA,NA,NA,NA,NA,NA,NA,NA,NA,NA,NA,NA,NA,NA,NA,NA,NA,NA,NA,NA,NA,NA,NA,NA,NA,NA,NA,NA,NA,NA,NA,NA,1,NA,NA,NA,NA,NA,NA,NA,NA,NA,NA,NA,NA,NA,NA,NA,NA,NA,NA,NA,NA,NA,NA,NA,NA,NA
"HippocampusPosterior_r.Px.Rat..W.Schiffer.",NA,NA,NA,NA,NA,NA,NA,NA,NA,NA,NA,NA,NA,NA,NA,NA,NA,NA,NA,NA,NA,NA,NA,NA,NA,NA,NA,NA,NA,NA,NA,NA,NA,1,NA,NA,NA,NA,NA,NA,NA,NA,NA,NA,NA,NA,NA,NA,NA,NA,NA,NA,NA,NA,NA,NA,NA,NA
"Hypothalamus_l.Px.Rat..W.Schiffer.",NA,NA,NA,NA,NA,NA,NA,NA,NA,NA,NA,NA,NA,NA,NA,NA,NA,NA,NA,NA,NA,NA,NA,NA,NA,NA,NA,NA,NA,NA,NA,NA,NA,NA,1,NA,NA,NA,NA,NA,NA,NA,NA,NA,NA,NA,NA,NA,NA,NA,NA,NA,NA,NA,NA,NA,NA,NA
"Hypothalamus_r.Px.Rat..W.Schiffer.",NA,NA,NA,NA,NA,NA,NA,NA,NA,NA,NA,NA,NA,NA,NA,NA,NA,NA,NA,NA,NA,NA,NA,NA,NA,NA,NA,NA,NA,NA,NA,NA,NA,NA,NA,1,NA,NA,NA,NA,NA,NA,NA,NA,NA,NA,NA,NA,NA,NA,NA,NA,NA,NA,NA,NA,NA,NA
"Olfactory_l.Px.Rat..W.Schiffer.",NA,NA,NA,NA,NA,NA,NA,NA,NA,NA,NA,NA,NA,NA,NA,NA,NA,NA,NA,NA,NA,NA,NA,NA,NA,NA,NA,NA,NA,NA,NA,NA,NA,NA,NA,NA,1,NA,NA,NA,NA,NA,NA,NA,NA,NA,NA,NA,NA,NA,NA,NA,NA,NA,NA,NA,NA,NA
"Olfactory_r.Px.Rat..W.Schiffer.",NA,NA,NA,NA,NA,NA,NA,NA,NA,NA,NA,NA,NA,NA,NA,NA,NA,NA,NA,NA,NA,NA,NA,NA,NA,NA,NA,NA,NA,NA,NA,NA,NA,NA,NA,NA,NA,1,NA,NA,NA,NA,NA,NA,NA,NA,NA,NA,NA,NA,NA,NA,NA,NA,NA,NA,NA,NA
"ColliculusSuperior_l.Px.Rat..W.Schiffer.",NA,NA,NA,NA,NA,NA,NA,NA,NA,NA,NA,NA,NA,NA,NA,NA,NA,NA,NA,NA,NA,NA,NA,NA,NA,NA,NA,NA,NA,NA,NA,NA,NA,NA,NA,NA,NA,NA,1,NA,NA,NA,NA,NA,NA,NA,NA,NA,NA,NA,NA,NA,NA,NA,NA,NA,NA,NA
"ColliculusSuperior_r.Px.Rat..W.Schiffer.",NA,NA,NA,NA,NA,NA,NA,NA,NA,NA,NA,NA,NA,NA,NA,NA,NA,NA,NA,NA,NA,NA,NA,NA,NA,NA,NA,NA,NA,NA,NA,NA,NA,NA,NA,NA,NA,NA,NA,1,NA,NA,NA,NA,NA,NA,NA,NA,NA,NA,NA,NA,NA,NA,NA,NA,NA,NA
"Midbrain_l.Px.Rat..W.Schiffer.",NA,NA,NA,NA,NA,NA,NA,NA,NA,NA,NA,NA,NA,NA,NA,NA,NA,NA,NA,NA,NA,NA,NA,NA,NA,NA,NA,NA,NA,NA,NA,NA,NA,NA,NA,NA,NA,NA,NA,NA,1,NA,NA,NA,NA,NA,NA,NA,NA,NA,NA,NA,NA,NA,NA,NA,NA,NA
"Midbrain_r.Px.Rat..W.Schiffer.",NA,NA,NA,NA,NA,NA,NA,NA,NA,NA,NA,NA,NA,NA,NA,NA,NA,NA,NA,NA,NA,NA,NA,NA,NA,NA,NA,NA,NA,NA,NA,NA,NA,NA,NA,NA,NA,NA,NA,NA,NA,1,NA,NA,NA,NA,NA,NA,NA,NA,NA,NA,NA,NA,NA,NA,NA,NA
"VentralTegmentalArea_l.Px.Rat..W.Schiffer.",NA,NA,NA,NA,NA,NA,NA,NA,NA,NA,NA,NA,NA,NA,NA,NA,NA,NA,NA,NA,NA,NA,NA,NA,NA,NA,NA,NA,NA,NA,NA,NA,NA,NA,NA,NA,NA,NA,NA,NA,NA,NA,1,NA,NA,NA,NA,NA,NA,NA,NA,NA,NA,NA,NA,NA,NA,NA
"VentralTegmentalArea_r.Px.Rat..W.Schiffer.",NA,NA,NA,NA,NA,NA,NA,NA,NA,NA,NA,NA,NA,NA,NA,NA,NA,NA,NA,NA,NA,NA,NA,NA,NA,NA,NA,NA,NA,NA,NA,NA,NA,NA,NA,NA,NA,NA,NA,NA,NA,NA,NA,1,NA,NA,NA,NA,NA,NA,NA,NA,NA,NA,NA,NA,NA,NA
"Cerebellum_GM_l.Px.Rat..W.Schiffer.",NA,NA,NA,NA,NA,NA,NA,NA,NA,NA,NA,NA,NA,NA,NA,NA,NA,NA,NA,NA,NA,NA,NA,NA,NA,NA,NA,NA,NA,NA,NA,NA,NA,NA,NA,NA,NA,NA,NA,NA,NA,NA,NA,NA,1,NA,NA,NA,NA,NA,NA,NA,NA,NA,NA,NA,NA,NA
"Cerebellum_GM_r.Px.Rat..W.Schiffer.",NA,NA,NA,NA,NA,NA,NA,NA,NA,NA,NA,NA,NA,NA,NA,NA,NA,NA,NA,NA,NA,NA,NA,NA,NA,NA,NA,NA,NA,NA,NA,NA,NA,NA,NA,NA,NA,NA,NA,NA,NA,NA,NA,NA,NA,1,NA,NA,NA,NA,NA,NA,NA,NA,NA,NA,NA,NA
"Cerebellum_WM_l.Px.Rat..W.Schiffer.",NA,NA,NA,NA,NA,NA,NA,NA,NA,NA,NA,NA,NA,NA,NA,NA,NA,NA,NA,NA,NA,NA,NA,NA,NA,NA,NA,NA,NA,NA,NA,NA,NA,NA,NA,NA,NA,NA,NA,NA,NA,NA,NA,NA,NA,NA,1,NA,NA,NA,NA,NA,NA,NA,NA,NA,NA,NA
"Cerebellum_WM_r.Px.Rat..W.Schiffer.",NA,NA,NA,NA,NA,NA,NA,NA,NA,NA,NA,NA,NA,NA,NA,NA,NA,NA,NA,NA,NA,NA,NA,NA,NA,NA,NA,NA,NA,NA,NA,NA,NA,NA,NA,NA,NA,NA,NA,NA,NA,NA,NA,NA,NA,NA,NA,1,NA,NA,NA,NA,NA,NA,NA,NA,NA,NA
"ColliculusInferior_l.Px.Rat..W.Schiffer.",NA,NA,NA,NA,NA,NA,NA,NA,NA,NA,NA,NA,NA,NA,NA,NA,NA,NA,NA,NA,NA,NA,NA,NA,NA,NA,NA,NA,NA,NA,NA,NA,NA,NA,NA,NA,NA,NA,NA,NA,NA,NA,NA,NA,NA,NA,NA,NA,1,NA,NA,NA,NA,NA,NA,NA,NA,NA
"ColliculusInferior_r.Px.Rat..W.Schiffer.",NA,NA,NA,NA,NA,NA,NA,NA,NA,NA,NA,NA,NA,NA,NA,NA,NA,NA,NA,NA,NA,NA,NA,NA,NA,NA,NA,NA,NA,NA,NA,NA,NA,NA,NA,NA,NA,NA,NA,NA,NA,NA,NA,NA,NA,NA,NA,NA,NA,1,NA,NA,NA,NA,NA,NA,NA,NA
"Thalamus_l.Px.Rat..W.Schiffer.",NA,NA,NA,NA,NA,NA,NA,NA,NA,NA,NA,NA,NA,NA,NA,NA,NA,NA,NA,NA,NA,NA,NA,NA,NA,NA,NA,NA,NA,NA,NA,NA,NA,NA,NA,NA,NA,NA,NA,NA,NA,NA,NA,NA,NA,NA,NA,NA,NA,NA,1,NA,NA,NA,NA,NA,NA,NA
"Thalamus_r.Px.Rat..W.Schiffer.",NA,NA,NA,NA,NA,NA,NA,NA,NA,NA,NA,NA,NA,NA,NA,NA,NA,NA,NA,NA,NA,NA,NA,NA,NA,NA,NA,NA,NA,NA,NA,NA,NA,NA,NA,NA,NA,NA,NA,NA,NA,NA,NA,NA,NA,NA,NA,NA,NA,NA,NA,1,NA,NA,NA,NA,NA,NA
"Pituitary.Px.Rat..W.Schiffer.",NA,NA,NA,NA,NA,NA,NA,NA,NA,NA,NA,NA,NA,NA,NA,NA,NA,NA,NA,NA,NA,NA,NA,NA,NA,NA,NA,NA,NA,NA,NA,NA,NA,NA,NA,NA,NA,NA,NA,NA,NA,NA,NA,NA,NA,NA,NA,NA,NA,NA,NA,NA,1,NA,NA,NA,NA,NA
"Cerebellum.blood.Px.Rat..W.Schiffer.",NA,NA,NA,NA,NA,NA,NA,NA,NA,NA,NA,NA,NA,NA,NA,NA,NA,NA,NA,NA,NA,NA,NA,NA,NA,NA,NA,NA,NA,NA,NA,NA,NA,NA,NA,NA,NA,NA,NA,NA,NA,NA,NA,NA,NA,NA,NA,NA,NA,NA,NA,NA,NA,1,NA,NA,NA,NA
"CentralCanal.PAG.Px.Rat..W.Schiffer.",NA,NA,NA,NA,NA,NA,NA,NA,NA,NA,NA,NA,NA,NA,NA,NA,NA,NA,NA,NA,NA,NA,NA,NA,NA,NA,NA,NA,NA,NA,NA,NA,NA,NA,NA,NA,NA,NA,NA,NA,NA,NA,NA,NA,NA,NA,NA,NA,NA,NA,NA,NA,NA,NA,1,NA,NA,NA
"Pons.Px.Rat..W.Schiffer.",NA,NA,NA,NA,NA,NA,NA,NA,NA,NA,NA,NA,NA,NA,NA,NA,NA,NA,NA,NA,NA,NA,NA,NA,NA,NA,NA,NA,NA,NA,NA,NA,NA,NA,NA,NA,NA,NA,NA,NA,NA,NA,NA,NA,NA,NA,NA,NA,NA,NA,NA,NA,NA,NA,NA,1,NA,NA
"Septum.Px.Rat..W.Schiffer.",NA,NA,NA,NA,NA,NA,NA,NA,NA,NA,NA,NA,NA,NA,NA,NA,NA,NA,NA,NA,NA,NA,NA,NA,NA,NA,NA,NA,NA,NA,NA,NA,NA,NA,NA,NA,NA,NA,NA,NA,NA,NA,NA,NA,NA,NA,NA,NA,NA,NA,NA,NA,NA,NA,NA,NA,1,NA
"Medulla.Px.Rat..W.Schiffer.",NA,NA,NA,NA,NA,NA,NA,NA,NA,NA,NA,NA,NA,NA,NA,NA,NA,NA,NA,NA,NA,NA,NA,NA,NA,NA,NA,NA,NA,NA,NA,NA,NA,NA,NA,NA,NA,NA,NA,NA,NA,NA,NA,NA,NA,NA,NA,NA,NA,NA,NA,NA,NA,NA,NA,NA,NA,1
