"","Accumbens_l.Px.Rat..W.Schiffer.","Accumbens_r.Px.Rat..W.Schiffer.","Amygdala_l.Px.Rat..W.Schiffer.","Amygdala_r.Px.Rat..W.Schiffer.","Striatum_l.Px.Rat..W.Schiffer.","Striatum_r.Px.Rat..W.Schiffer.","AuditoryCortex_l.Px.Rat..W.Schiffer.","AuditoryCortex_r.Px.Rat..W.Schiffer.","CingulateCortex_l.Px.Rat..W.Schiffer.","CingulateCortex_r.Px.Rat..W.Schiffer.","EntorhinalCortex_l.Px.Rat..W.Schiffer.","EntorhinalCortex_r.Px.Rat..W.Schiffer.","FrontalAssociationCortex_l.Px.Rat..W.Schiffer.","FrontalAssociationCortex_r.Px.Rat..W.Schiffer.","InsularCortex_l.Px.Rat..W.Schiffer.","InsularCortex_r.Px.Rat..W.Schiffer.","MedialPrefrontalCortex_l.Px.Rat..W.Schiffer.","MedialPrefrontalCortex_r.Px.Rat..W.Schiffer.","MotorCortex_l.Px.Rat..W.Schiffer.","MotorCortex_r.Px.Rat..W.Schiffer.","OrbitofrontalCortexl_l.Px.Rat..W.Schiffer.","OrbitofrontalCortex_r.Px.Rat..W.Schiffer.","ParACortex_l.Px.Rat..W.Schiffer.","ParACortex_r.Px.Rat..W.Schiffer.","RetrosplenialCortex_l.Px.Rat..W.Schiffer.","RetrosplenialCortex_r.Px.Rat..W.Schiffer.","SomatosensoryCortex_l.Px.Rat..W.Schiffer.","SomatosensoryCortex_r.Px.Rat..W.Schiffer.","VisualCortex_l.Px.Rat..W.Schiffer.","VisualCortex_r.Px.Rat..W.Schiffer.","HippocampusAnteroDorsal_l.Px.Rat..W.Schiffer.","HippocampusAnteroDorsal_r.Px.Rat..W.Schiffer.","HippocampusPosterior_l.Px.Rat..W.Schiffer.","HippocampusPosterior_r.Px.Rat..W.Schiffer.","Hypothalamus_l.Px.Rat..W.Schiffer.","Hypothalamus_r.Px.Rat..W.Schiffer.","Olfactory_l.Px.Rat..W.Schiffer.","Olfactory_r.Px.Rat..W.Schiffer.","ColliculusSuperior_l.Px.Rat..W.Schiffer.","ColliculusSuperior_r.Px.Rat..W.Schiffer.","Midbrain_l.Px.Rat..W.Schiffer.","Midbrain_r.Px.Rat..W.Schiffer.","VentralTegmentalArea_l.Px.Rat..W.Schiffer.","VentralTegmentalArea_r.Px.Rat..W.Schiffer.","Cerebellum_GM_l.Px.Rat..W.Schiffer.","Cerebellum_GM_r.Px.Rat..W.Schiffer.","Cerebellum_WM_l.Px.Rat..W.Schiffer.","Cerebellum_WM_r.Px.Rat..W.Schiffer.","ColliculusInferior_l.Px.Rat..W.Schiffer.","ColliculusInferior_r.Px.Rat..W.Schiffer.","Thalamus_l.Px.Rat..W.Schiffer.","Thalamus_r.Px.Rat..W.Schiffer.","Pituitary.Px.Rat..W.Schiffer.","Cerebellum.blood.Px.Rat..W.Schiffer.","CentralCanal.PAG.Px.Rat..W.Schiffer.","Pons.Px.Rat..W.Schiffer.","Septum.Px.Rat..W.Schiffer.","Medulla.Px.Rat..W.Schiffer."
"Accumbens_l.Px.Rat..W.Schiffer.",1,0.971183505656913,0.973039215686275,0.950980392156863,0.938725490196079,0.904411764705882,0.889705882352941,0.779411764705882,0.877450980392157,0.892156862745098,0.970588235294118,0.931372549019608,0.718137254901961,0.629901960784314,0.916666666666667,0.875,0.901960784313726,0.897058823529412,0.806372549019608,0.762254901960784,0.882352941176471,0.772058823529412,0.816176470588235,0.801470588235294,0.892156862745098,0.887254901960784,0.806372549019608,0.78921568627451,0.816176470588235,0.794117647058824,0.899509803921569,0.926470588235294,0.975490196078431,0.955882352941177,0.965686274509804,0.958333333333333,0.987745098039216,0.96078431372549,0.877450980392157,0.882352941176471,0.911764705882353,0.91421568627451,0.936274509803922,0.938725490196079,0.955882352941177,0.943627450980392,0.955882352941177,0.933823529411765,0.833333333333333,0.843137254901961,0.938725490196079,0.916666666666667,0.884803921568628,0.931372549019608,0.911764705882353,0.946078431372549,0.968137254901961,0.911764705882353
"Accumbens_r.Px.Rat..W.Schiffer.",0.971183505656913,1,0.952789878655835,0.967504780256697,0.947884911455547,0.928265042654398,0.901287723052817,0.783568510245918,0.886572821451954,0.90987141565332,0.973635989257057,0.940527460655116,0.691600375240529,0.62660955983672,0.930717526254541,0.913550141053535,0.906192690253104,0.900061481252745,0.815450797047787,0.773758575845343,0.868179194450877,0.792152202846421,0.844880600249511,0.800735895446924,0.896382755852529,0.907418932053176,0.828939456848577,0.787247235646134,0.830165698648649,0.811772071647571,0.944206186055332,0.936848735254901,0.974862231057128,0.960147329456266,0.954016120455907,0.954016120455907,0.957694845856122,0.971183505656913,0.903740206652961,0.90987141565332,0.940527460655116,0.950337395055691,0.967504780256697,0.957694845856122,0.950337395055691,0.92336007545411,0.967504780256697,0.920907591853967,0.836296907649008,0.862047985450517,0.974862231057128,0.966278538456625,0.868179194450877,0.925812559054254,0.92949128445447,0.94297994425526,0.973635989257057,0.902513964852889
"Amygdala_l.Px.Rat..W.Schiffer.",0.973039215686275,0.952789878655835,1,0.980392156862745,0.877450980392157,0.850490196078431,0.845588235294118,0.725490196078431,0.811274509803922,0.83578431372549,0.975490196078431,0.928921568627451,0.666666666666667,0.583333333333333,0.86764705882353,0.813725490196079,0.821078431372549,0.818627450980392,0.723039215686275,0.705882352941177,0.823529411764706,0.715686274509804,0.764705882352941,0.747549019607843,0.872549019607843,0.875,0.723039215686275,0.698529411764706,0.776960784313726,0.752450980392157,0.865196078431373,0.884803921568628,0.965686274509804,0.950980392156863,0.980392156862745,0.987745098039216,0.985294117647059,0.973039215686275,0.833333333333333,0.845588235294118,0.894607843137255,0.919117647058824,0.95343137254902,0.958333333333333,0.924019607843137,0.909313725490196,0.943627450980392,0.904411764705882,0.779411764705882,0.786764705882353,0.904411764705882,0.909313725490196,0.948529411764706,0.894607843137255,0.894607843137255,0.958333333333333,0.970588235294118,0.909313725490196
"Amygdala_r.Px.Rat..W.Schiffer.",0.950980392156863,0.967504780256697,0.980392156862745,1,0.882352941176471,0.870098039215686,0.848039215686275,0.71078431372549,0.816176470588235,0.838235294117647,0.980392156862745,0.943627450980392,0.661764705882353,0.598039215686275,0.872549019607843,0.830882352941177,0.82843137254902,0.818627450980392,0.725490196078431,0.708333333333333,0.813725490196079,0.737745098039216,0.779411764705882,0.735294117647059,0.879901960784314,0.877450980392157,0.732843137254902,0.688725490196079,0.779411764705882,0.752450980392157,0.877450980392157,0.884803921568628,0.950980392156863,0.948529411764706,0.955882352941177,0.973039215686275,0.963235294117647,0.982843137254902,0.82843137254902,0.855392156862745,0.892156862745098,0.928921568627451,0.968137254901961,0.96078431372549,0.921568627450981,0.892156862745098,0.946078431372549,0.894607843137255,0.752450980392157,0.784313725490196,0.921568627450981,0.938725490196079,0.936274509803922,0.887254901960784,0.884803921568628,0.955882352941177,0.96078431372549,0.911764705882353
"Striatum_l.Px.Rat..W.Schiffer.",0.938725490196079,0.947884911455547,0.877450980392157,0.882352941176471,1,0.985294117647059,0.970588235294118,0.901960784313726,0.973039215686275,0.980392156862745,0.928921568627451,0.941176470588235,0.838235294117647,0.774509803921569,0.975490196078431,0.977941176470588,0.980392156862745,0.980392156862745,0.943627450980392,0.904411764705882,0.965686274509804,0.919117647058824,0.936274509803922,0.911764705882353,0.931372549019608,0.933823529411765,0.943627450980392,0.921568627450981,0.91421568627451,0.906862745098039,0.96078431372549,0.973039215686275,0.948529411764706,0.941176470588235,0.870098039215686,0.877450980392157,0.894607843137255,0.889705882352941,0.95343137254902,0.958333333333333,0.938725490196079,0.919117647058824,0.916666666666667,0.911764705882353,0.941176470588235,0.95343137254902,0.950980392156863,0.955882352941177,0.91421568627451,0.926470588235294,0.968137254901961,0.938725490196079,0.767156862745098,0.96078431372549,0.938725490196079,0.91421568627451,0.926470588235294,0.919117647058824
"Striatum_r.Px.Rat..W.Schiffer.",0.904411764705882,0.928265042654398,0.850490196078431,0.870098039215686,0.985294117647059,1,0.982843137254902,0.909313725490196,0.975490196078431,0.980392156862745,0.916666666666667,0.931372549019608,0.845588235294118,0.806372549019608,0.980392156862745,0.980392156862745,0.965686274509804,0.980392156862745,0.948529411764706,0.921568627450981,0.958333333333333,0.943627450980392,0.96078431372549,0.921568627450981,0.936274509803922,0.948529411764706,0.955882352941177,0.933823529411765,0.938725490196079,0.921568627450981,0.973039215686275,0.985294117647059,0.924019607843137,0.941176470588235,0.843137254901961,0.865196078431373,0.855392156862745,0.865196078431373,0.963235294117647,0.980392156862745,0.946078431372549,0.928921568627451,0.906862745098039,0.901960784313726,0.928921568627451,0.936274509803922,0.948529411764706,0.950980392156863,0.921568627450981,0.941176470588235,0.95343137254902,0.946078431372549,0.730392156862745,0.95343137254902,0.948529411764706,0.892156862745098,0.901960784313726,0.897058823529412
"AuditoryCortex_l.Px.Rat..W.Schiffer.",0.889705882352941,0.901287723052817,0.845588235294118,0.848039215686275,0.970588235294118,0.982843137254902,1,0.946078431372549,0.970588235294118,0.975490196078431,0.911764705882353,0.933823529411765,0.82843137254902,0.78921568627451,0.968137254901961,0.965686274509804,0.941176470588235,0.963235294117647,0.950980392156863,0.916666666666667,0.950980392156863,0.938725490196079,0.980392156862745,0.955882352941177,0.958333333333333,0.968137254901961,0.96078431372549,0.938725490196079,0.973039215686275,0.96078431372549,0.95343137254902,0.977941176470588,0.916666666666667,0.938725490196079,0.823529411764706,0.855392156862745,0.83578431372549,0.838235294117647,0.965686274509804,0.975490196078431,0.926470588235294,0.904411764705882,0.877450980392157,0.877450980392157,0.936274509803922,0.948529411764706,0.948529411764706,0.96078431372549,0.941176470588235,0.941176470588235,0.921568627450981,0.909313725490196,0.715686274509804,0.955882352941177,0.941176470588235,0.86764705882353,0.877450980392157,0.86764705882353
"AuditoryCortex_r.Px.Rat..W.Schiffer.",0.779411764705882,0.783568510245918,0.725490196078431,0.71078431372549,0.901960784313726,0.909313725490196,0.946078431372549,1,0.921568627450981,0.933823529411765,0.781862745098039,0.857843137254902,0.772058823529412,0.791666666666667,0.877450980392157,0.921568627450981,0.897058823529412,0.916666666666667,0.901960784313726,0.904411764705882,0.904411764705882,0.901960784313726,0.950980392156863,0.985294117647059,0.887254901960784,0.901960784313726,0.943627450980392,0.95343137254902,0.963235294117647,0.975490196078431,0.887254901960784,0.904411764705882,0.82843137254902,0.843137254901961,0.705882352941177,0.74264705882353,0.705882352941177,0.705882352941177,0.928921568627451,0.928921568627451,0.848039215686275,0.818627450980392,0.759803921568628,0.784313725490196,0.845588235294118,0.91421568627451,0.852941176470588,0.921568627450981,0.928921568627451,0.936274509803922,0.838235294117647,0.813725490196079,0.602941176470588,0.899509803921569,0.857843137254902,0.754901960784314,0.762254901960784,0.781862745098039
"CingulateCortex_l.Px.Rat..W.Schiffer.",0.877450980392157,0.886572821451954,0.811274509803922,0.816176470588235,0.973039215686275,0.975490196078431,0.970588235294118,0.921568627450981,1,0.990196078431373,0.875,0.921568627450981,0.875,0.794117647058824,0.95343137254902,0.980392156862745,0.95343137254902,0.970588235294118,0.970588235294118,0.928921568627451,0.96078431372549,0.938725490196079,0.955882352941177,0.938725490196079,0.938725490196079,0.946078431372549,0.95343137254902,0.946078431372549,0.946078431372549,0.948529411764706,0.936274509803922,0.95343137254902,0.884803921568628,0.889705882352941,0.799019607843137,0.818627450980392,0.821078431372549,0.823529411764706,0.938725490196079,0.95343137254902,0.901960784313726,0.875,0.857843137254902,0.857843137254902,0.892156862745098,0.946078431372549,0.901960784313726,0.950980392156863,0.904411764705882,0.924019607843137,0.911764705882353,0.889705882352941,0.678921568627451,0.919117647058824,0.906862745098039,0.855392156862745,0.862745098039216,0.872549019607843
"CingulateCortex_r.Px.Rat..W.Schiffer.",0.892156862745098,0.90987141565332,0.83578431372549,0.838235294117647,0.980392156862745,0.980392156862745,0.975490196078431,0.933823529411765,0.990196078431373,1,0.889705882352941,0.931372549019608,0.843137254901961,0.784313725490196,0.96078431372549,0.99264705882353,0.958333333333333,0.975490196078431,0.958333333333333,0.933823529411765,0.965686274509804,0.938725490196079,0.96078431372549,0.943627450980392,0.943627450980392,0.96078431372549,0.958333333333333,0.948529411764706,0.950980392156863,0.950980392156863,0.96078431372549,0.965686274509804,0.909313725490196,0.906862745098039,0.830882352941177,0.848039215686275,0.840686274509804,0.848039215686275,0.96078431372549,0.968137254901961,0.931372549019608,0.906862745098039,0.887254901960784,0.889705882352941,0.901960784313726,0.95343137254902,0.919117647058824,0.958333333333333,0.926470588235294,0.943627450980392,0.933823529411765,0.916666666666667,0.713235294117647,0.931372549019608,0.931372549019608,0.877450980392157,0.892156862745098,0.887254901960784
"EntorhinalCortex_l.Px.Rat..W.Schiffer.",0.970588235294118,0.973635989257057,0.975490196078431,0.980392156862745,0.928921568627451,0.916666666666667,0.911764705882353,0.781862745098039,0.875,0.889705882352941,1,0.965686274509804,0.727941176470588,0.66421568627451,0.933823529411765,0.877450980392157,0.872549019607843,0.872549019607843,0.803921568627451,0.769607843137255,0.872549019607843,0.806372549019608,0.843137254901961,0.811274509803922,0.916666666666667,0.919117647058824,0.806372549019608,0.769607843137255,0.843137254901961,0.816176470588235,0.906862745098039,0.926470588235294,0.965686274509804,0.965686274509804,0.95343137254902,0.96078431372549,0.968137254901961,0.973039215686275,0.872549019607843,0.889705882352941,0.91421568627451,0.928921568627451,0.963235294117647,0.948529411764706,0.965686274509804,0.931372549019608,0.968137254901961,0.928921568627451,0.811274509803922,0.821078431372549,0.943627450980392,0.941176470588235,0.906862745098039,0.919117647058824,0.91421568627451,0.96078431372549,0.965686274509804,0.921568627450981
"EntorhinalCortex_r.Px.Rat..W.Schiffer.",0.931372549019608,0.940527460655116,0.928921568627451,0.943627450980392,0.941176470588235,0.931372549019608,0.933823529411765,0.857843137254902,0.921568627450981,0.931372549019608,0.965686274509804,1,0.776960784313726,0.737745098039216,0.926470588235294,0.91421568627451,0.894607843137255,0.889705882352941,0.850490196078431,0.82843137254902,0.91421568627451,0.875,0.894607843137255,0.879901960784314,0.958333333333333,0.948529411764706,0.860294117647059,0.830882352941177,0.904411764705882,0.892156862745098,0.904411764705882,0.919117647058824,0.928921568627451,0.928921568627451,0.897058823529412,0.916666666666667,0.91421568627451,0.938725490196079,0.884803921568628,0.909313725490196,0.894607843137255,0.906862745098039,0.941176470588235,0.931372549019608,0.936274509803922,0.963235294117647,0.936274509803922,0.955882352941177,0.823529411764706,0.855392156862745,0.931372549019608,0.924019607843137,0.872549019607843,0.91421568627451,0.887254901960784,0.946078431372549,0.928921568627451,0.938725490196079
"FrontalAssociationCortex_l.Px.Rat..W.Schiffer.",0.718137254901961,0.691600375240529,0.666666666666667,0.661764705882353,0.838235294117647,0.845588235294118,0.82843137254902,0.772058823529412,0.875,0.843137254901961,0.727941176470588,0.776960784313726,1,0.887254901960784,0.855392156862745,0.823529411764706,0.823529411764706,0.83578431372549,0.897058823529412,0.894607843137255,0.889705882352941,0.897058823529412,0.808823529411765,0.803921568627451,0.762254901960784,0.764705882352941,0.821078431372549,0.82843137254902,0.779411764705882,0.769607843137255,0.772058823529412,0.794117647058824,0.725490196078431,0.737745098039216,0.656862745098039,0.66421568627451,0.686274509803922,0.651960784313726,0.772058823529412,0.794117647058824,0.757352941176471,0.713235294117647,0.740196078431373,0.720588235294118,0.691176470588235,0.772058823529412,0.720588235294118,0.776960784313726,0.740196078431373,0.723039215686275,0.769607843137255,0.730392156862745,0.61764705882353,0.767156862745098,0.772058823529412,0.784313725490196,0.730392156862745,0.848039215686275
"FrontalAssociationCortex_r.Px.Rat..W.Schiffer.",0.629901960784314,0.62660955983672,0.583333333333333,0.598039215686275,0.774509803921569,0.806372549019608,0.78921568627451,0.791666666666667,0.794117647058824,0.784313725490196,0.66421568627451,0.737745098039216,0.887254901960784,1,0.821078431372549,0.786764705882353,0.74264705882353,0.759803921568628,0.803921568627451,0.899509803921569,0.813725490196079,0.892156862745098,0.794117647058824,0.82843137254902,0.70343137254902,0.713235294117647,0.799019607843137,0.857843137254902,0.774509803921569,0.754901960784314,0.747549019607843,0.745098039215686,0.647058823529412,0.676470588235294,0.57843137254902,0.58578431372549,0.593137254901961,0.602941176470588,0.730392156862745,0.772058823529412,0.727941176470588,0.686274509803922,0.678921568627451,0.651960784313726,0.661764705882353,0.725490196078431,0.67156862745098,0.718137254901961,0.688725490196079,0.688725490196079,0.75,0.713235294117647,0.553921568627451,0.696078431372549,0.720588235294118,0.713235294117647,0.642156862745098,0.786764705882353
"InsularCortex_l.Px.Rat..W.Schiffer.",0.916666666666667,0.930717526254541,0.86764705882353,0.872549019607843,0.975490196078431,0.980392156862745,0.968137254901961,0.877450980392157,0.95343137254902,0.96078431372549,0.933823529411765,0.926470588235294,0.855392156862745,0.821078431372549,1,0.96078431372549,0.933823529411765,0.950980392156863,0.931372549019608,0.909313725490196,0.943627450980392,0.926470588235294,0.931372549019608,0.906862745098039,0.906862745098039,0.931372549019608,0.928921568627451,0.91421568627451,0.909313725490196,0.884803921568628,0.96078431372549,0.963235294117647,0.924019607843137,0.931372549019608,0.875,0.870098039215686,0.882352941176471,0.879901960784314,0.938725490196079,0.946078431372549,0.943627450980392,0.91421568627451,0.916666666666667,0.892156862745098,0.931372549019608,0.924019607843137,0.936274509803922,0.921568627450981,0.889705882352941,0.884803921568628,0.963235294117647,0.933823529411765,0.769607843137255,0.921568627450981,0.943627450980392,0.911764705882353,0.916666666666667,0.906862745098039
"InsularCortex_r.Px.Rat..W.Schiffer.",0.875,0.913550141053535,0.813725490196079,0.830882352941177,0.977941176470588,0.980392156862745,0.965686274509804,0.921568627450981,0.980392156862745,0.99264705882353,0.877450980392157,0.91421568627451,0.823529411764706,0.786764705882353,0.96078431372549,1,0.95343137254902,0.968137254901961,0.950980392156863,0.936274509803922,0.943627450980392,0.931372549019608,0.955882352941177,0.933823529411765,0.921568627450981,0.943627450980392,0.955882352941177,0.946078431372549,0.936274509803922,0.938725490196079,0.968137254901961,0.958333333333333,0.899509803921569,0.897058823529412,0.813725490196079,0.82843137254902,0.823529411764706,0.843137254901961,0.955882352941177,0.965686274509804,0.931372549019608,0.906862745098039,0.882352941176471,0.877450980392157,0.894607843137255,0.931372549019608,0.91421568627451,0.936274509803922,0.911764705882353,0.933823529411765,0.946078431372549,0.926470588235294,0.688725490196079,0.916666666666667,0.926470588235294,0.860294117647059,0.879901960784314,0.870098039215686
"MedialPrefrontalCortex_l.Px.Rat..W.Schiffer.",0.901960784313726,0.906192690253104,0.821078431372549,0.82843137254902,0.980392156862745,0.965686274509804,0.941176470588235,0.897058823529412,0.95343137254902,0.958333333333333,0.872549019607843,0.894607843137255,0.823529411764706,0.74264705882353,0.933823529411765,0.95343137254902,1,0.990196078431373,0.926470588235294,0.870098039215686,0.95343137254902,0.894607843137255,0.911764705882353,0.889705882352941,0.887254901960784,0.882352941176471,0.938725490196079,0.909313725490196,0.887254901960784,0.882352941176471,0.928921568627451,0.950980392156863,0.916666666666667,0.911764705882353,0.818627450980392,0.82843137254902,0.843137254901961,0.825980392156863,0.936274509803922,0.936274509803922,0.897058823529412,0.879901960784314,0.865196078431373,0.875,0.904411764705882,0.928921568627451,0.91421568627451,0.941176470588235,0.909313725490196,0.936274509803922,0.931372549019608,0.901960784313726,0.705882352941177,0.958333333333333,0.899509803921569,0.862745098039216,0.879901960784314,0.879901960784314
"MedialPrefrontalCortex_r.Px.Rat..W.Schiffer.",0.897058823529412,0.900061481252745,0.818627450980392,0.818627450980392,0.980392156862745,0.980392156862745,0.963235294117647,0.916666666666667,0.970588235294118,0.975490196078431,0.872549019607843,0.889705882352941,0.83578431372549,0.759803921568628,0.950980392156863,0.968137254901961,0.990196078431373,1,0.946078431372549,0.901960784313726,0.96078431372549,0.91421568627451,0.936274509803922,0.91421568627451,0.901960784313726,0.91421568627451,0.95343137254902,0.936274509803922,0.916666666666667,0.909313725490196,0.948529411764706,0.973039215686275,0.91421568627451,0.919117647058824,0.818627450980392,0.833333333333333,0.83578431372549,0.816176470588235,0.958333333333333,0.96078431372549,0.916666666666667,0.892156862745098,0.860294117647059,0.872549019607843,0.906862745098039,0.933823529411765,0.921568627450981,0.950980392156863,0.936274509803922,0.955882352941177,0.924019607843137,0.904411764705882,0.681372549019608,0.958333333333333,0.924019607843137,0.852941176470588,0.877450980392157,0.865196078431373
"MotorCortex_l.Px.Rat..W.Schiffer.",0.806372549019608,0.815450797047787,0.723039215686275,0.725490196078431,0.943627450980392,0.948529411764706,0.950980392156863,0.901960784313726,0.970588235294118,0.958333333333333,0.803921568627451,0.850490196078431,0.897058823529412,0.803921568627451,0.931372549019608,0.950980392156863,0.926470588235294,0.946078431372549,1,0.933823529411765,0.955882352941177,0.95343137254902,0.958333333333333,0.911764705882353,0.904411764705882,0.899509803921569,0.973039215686275,0.946078431372549,0.924019607843137,0.916666666666667,0.904411764705882,0.919117647058824,0.823529411764706,0.833333333333333,0.715686274509804,0.737745098039216,0.737745098039216,0.735294117647059,0.926470588235294,0.926470588235294,0.872549019607843,0.821078431372549,0.799019607843137,0.78921568627451,0.825980392156863,0.870098039215686,0.848039215686275,0.877450980392157,0.91421568627451,0.899509803921569,0.865196078431373,0.830882352941177,0.593137254901961,0.887254901960784,0.887254901960784,0.801470588235294,0.801470588235294,0.830882352941177
"MotorCortex_r.Px.Rat..W.Schiffer.",0.762254901960784,0.773758575845343,0.705882352941177,0.708333333333333,0.904411764705882,0.921568627450981,0.916666666666667,0.904411764705882,0.928921568627451,0.933823529411765,0.769607843137255,0.82843137254902,0.894607843137255,0.899509803921569,0.909313725490196,0.936274509803922,0.870098039215686,0.901960784313726,0.933823529411765,1,0.924019607843137,0.958333333333333,0.911764705882353,0.919117647058824,0.848039215686275,0.884803921568628,0.909313725490196,0.943627450980392,0.889705882352941,0.897058823529412,0.889705882352941,0.892156862745098,0.794117647058824,0.803921568627451,0.691176470588235,0.715686274509804,0.718137254901961,0.713235294117647,0.889705882352941,0.91421568627451,0.855392156862745,0.811274509803922,0.781862745098039,0.776960784313726,0.776960784313726,0.845588235294118,0.811274509803922,0.857843137254902,0.857843137254902,0.860294117647059,0.845588235294118,0.823529411764706,0.598039215686275,0.83578431372549,0.857843137254902,0.78921568627451,0.774509803921569,0.843137254901961
"OrbitofrontalCortexl_l.Px.Rat..W.Schiffer.",0.882352941176471,0.868179194450877,0.823529411764706,0.813725490196079,0.965686274509804,0.958333333333333,0.950980392156863,0.904411764705882,0.96078431372549,0.965686274509804,0.872549019607843,0.91421568627451,0.889705882352941,0.813725490196079,0.943627450980392,0.943627450980392,0.95343137254902,0.96078431372549,0.955882352941177,0.924019607843137,1,0.96078431372549,0.926470588235294,0.899509803921569,0.921568627450981,0.921568627450981,0.943627450980392,0.924019607843137,0.904411764705882,0.894607843137255,0.919117647058824,0.946078431372549,0.892156862745098,0.884803921568628,0.811274509803922,0.825980392156863,0.83578431372549,0.823529411764706,0.933823529411765,0.936274509803922,0.909313725490196,0.879901960784314,0.879901960784314,0.882352941176471,0.872549019607843,0.916666666666667,0.889705882352941,0.926470588235294,0.916666666666667,0.916666666666667,0.904411764705882,0.887254901960784,0.735294117647059,0.931372549019608,0.909313725490196,0.901960784313726,0.889705882352941,0.931372549019608
"OrbitofrontalCortex_r.Px.Rat..W.Schiffer.",0.772058823529412,0.792152202846421,0.715686274509804,0.737745098039216,0.919117647058824,0.943627450980392,0.938725490196079,0.901960784313726,0.938725490196079,0.938725490196079,0.806372549019608,0.875,0.897058823529412,0.892156862745098,0.926470588235294,0.931372549019608,0.894607843137255,0.91421568627451,0.95343137254902,0.958333333333333,0.96078431372549,1,0.941176470588235,0.906862745098039,0.892156862745098,0.904411764705882,0.946078431372549,0.931372549019608,0.911764705882353,0.899509803921569,0.892156862745098,0.904411764705882,0.79656862745098,0.816176470588235,0.698529411764706,0.725490196078431,0.720588235294118,0.737745098039216,0.899509803921569,0.919117647058824,0.860294117647059,0.823529411764706,0.816176470588235,0.799019607843137,0.806372549019608,0.850490196078431,0.825980392156863,0.865196078431373,0.86764705882353,0.875,0.857843137254902,0.845588235294118,0.632352941176471,0.860294117647059,0.857843137254902,0.825980392156863,0.794117647058824,0.875
"ParACortex_l.Px.Rat..W.Schiffer.",0.816176470588235,0.844880600249511,0.764705882352941,0.779411764705882,0.936274509803922,0.96078431372549,0.980392156862745,0.950980392156863,0.955882352941177,0.96078431372549,0.843137254901961,0.894607843137255,0.808823529411765,0.794117647058824,0.931372549019608,0.955882352941177,0.911764705882353,0.936274509803922,0.958333333333333,0.911764705882353,0.926470588235294,0.941176470588235,1,0.958333333333333,0.950980392156863,0.943627450980392,0.982843137254902,0.95343137254902,0.987745098039216,0.970588235294118,0.933823529411765,0.943627450980392,0.850490196078431,0.882352941176471,0.747549019607843,0.791666666666667,0.745098039215686,0.774509803921569,0.955882352941177,0.965686274509804,0.901960784313726,0.872549019607843,0.825980392156863,0.825980392156863,0.877450980392157,0.909313725490196,0.899509803921569,0.919117647058824,0.941176470588235,0.941176470588235,0.882352941176471,0.872549019607843,0.634803921568628,0.916666666666667,0.916666666666667,0.806372549019608,0.811274509803922,0.813725490196079
"ParACortex_r.Px.Rat..W.Schiffer.",0.801470588235294,0.800735895446924,0.747549019607843,0.735294117647059,0.911764705882353,0.921568627450981,0.955882352941177,0.985294117647059,0.938725490196079,0.943627450980392,0.811274509803922,0.879901960784314,0.803921568627451,0.82843137254902,0.906862745098039,0.933823529411765,0.889705882352941,0.91421568627451,0.911764705882353,0.919117647058824,0.899509803921569,0.906862745098039,0.958333333333333,1,0.901960784313726,0.911764705882353,0.941176470588235,0.965686274509804,0.975490196078431,0.980392156862745,0.887254901960784,0.904411764705882,0.82843137254902,0.848039215686275,0.727941176470588,0.754901960784314,0.735294117647059,0.737745098039216,0.911764705882353,0.924019607843137,0.848039215686275,0.816176470588235,0.769607843137255,0.779411764705882,0.86764705882353,0.933823529411765,0.860294117647059,0.928921568627451,0.899509803921569,0.904411764705882,0.852941176470588,0.818627450980392,0.622549019607843,0.882352941176471,0.860294117647059,0.769607843137255,0.769607843137255,0.791666666666667
"RetrosplenialCortex_l.Px.Rat..W.Schiffer.",0.892156862745098,0.896382755852529,0.872549019607843,0.879901960784314,0.931372549019608,0.936274509803922,0.958333333333333,0.887254901960784,0.938725490196079,0.943627450980392,0.916666666666667,0.958333333333333,0.762254901960784,0.70343137254902,0.906862745098039,0.921568627450981,0.887254901960784,0.901960784313726,0.904411764705882,0.848039215686275,0.921568627450981,0.892156862745098,0.950980392156863,0.901960784313726,1,0.970588235294118,0.911764705882353,0.875,0.955882352941177,0.938725490196079,0.904411764705882,0.936274509803922,0.894607843137255,0.911764705882353,0.82843137254902,0.877450980392157,0.848039215686275,0.877450980392157,0.916666666666667,0.938725490196079,0.894607843137255,0.892156862745098,0.882352941176471,0.887254901960784,0.916666666666667,0.946078431372549,0.931372549019608,0.950980392156863,0.892156862745098,0.904411764705882,0.879901960784314,0.887254901960784,0.759803921568628,0.924019607843137,0.906862745098039,0.879901960784314,0.877450980392157,0.870098039215686
"RetrosplenialCortex_r.Px.Rat..W.Schiffer.",0.887254901960784,0.907418932053176,0.875,0.877450980392157,0.933823529411765,0.948529411764706,0.968137254901961,0.901960784313726,0.946078431372549,0.96078431372549,0.919117647058824,0.948529411764706,0.764705882352941,0.713235294117647,0.931372549019608,0.943627450980392,0.882352941176471,0.91421568627451,0.899509803921569,0.884803921568628,0.921568627450981,0.904411764705882,0.943627450980392,0.911764705882353,0.970588235294118,1,0.901960784313726,0.877450980392157,0.950980392156863,0.943627450980392,0.941176470588235,0.955882352941177,0.906862745098039,0.921568627450981,0.850490196078431,0.887254901960784,0.852941176470588,0.86764705882353,0.943627450980392,0.958333333333333,0.919117647058824,0.909313725490196,0.897058823529412,0.899509803921569,0.906862745098039,0.941176470588235,0.931372549019608,0.95343137254902,0.901960784313726,0.919117647058824,0.894607843137255,0.904411764705882,0.757352941176471,0.916666666666667,0.924019607843137,0.879901960784314,0.894607843137255,0.86764705882353
"SomatosensoryCortex_l.Px.Rat..W.Schiffer.",0.806372549019608,0.828939456848577,0.723039215686275,0.732843137254902,0.943627450980392,0.955882352941177,0.96078431372549,0.943627450980392,0.95343137254902,0.958333333333333,0.806372549019608,0.860294117647059,0.821078431372549,0.799019607843137,0.928921568627451,0.955882352941177,0.938725490196079,0.95343137254902,0.973039215686275,0.909313725490196,0.943627450980392,0.946078431372549,0.982843137254902,0.941176470588235,0.911764705882353,0.901960784313726,1,0.968137254901961,0.955882352941177,0.938725490196079,0.926470588235294,0.931372549019608,0.833333333333333,0.850490196078431,0.725490196078431,0.75,0.725490196078431,0.74264705882353,0.95343137254902,0.948529411764706,0.892156862745098,0.848039215686275,0.803921568627451,0.801470588235294,0.852941176470588,0.887254901960784,0.86764705882353,0.892156862745098,0.946078431372549,0.943627450980392,0.884803921568628,0.855392156862745,0.598039215686275,0.909313725490196,0.899509803921569,0.791666666666667,0.799019607843137,0.811274509803922
"SomatosensoryCortex_r.Px.Rat..W.Schiffer.",0.78921568627451,0.787247235646134,0.698529411764706,0.688725490196079,0.921568627450981,0.933823529411765,0.938725490196079,0.95343137254902,0.946078431372549,0.948529411764706,0.769607843137255,0.830882352941177,0.82843137254902,0.857843137254902,0.91421568627451,0.946078431372549,0.909313725490196,0.936274509803922,0.946078431372549,0.943627450980392,0.924019607843137,0.931372549019608,0.95343137254902,0.965686274509804,0.875,0.877450980392157,0.968137254901961,1,0.943627450980392,0.938725490196079,0.899509803921569,0.911764705882353,0.803921568627451,0.816176470588235,0.698529411764706,0.715686274509804,0.71078431372549,0.715686274509804,0.919117647058824,0.928921568627451,0.86764705882353,0.818627450980392,0.754901960784314,0.762254901960784,0.83578431372549,0.892156862745098,0.83578431372549,0.889705882352941,0.916666666666667,0.916666666666667,0.857843137254902,0.823529411764706,0.556372549019608,0.870098039215686,0.872549019607843,0.757352941176471,0.762254901960784,0.78921568627451
"VisualCortex_l.Px.Rat..W.Schiffer.",0.816176470588235,0.830165698648649,0.776960784313726,0.779411764705882,0.91421568627451,0.938725490196079,0.973039215686275,0.963235294117647,0.946078431372549,0.950980392156863,0.843137254901961,0.904411764705882,0.779411764705882,0.774509803921569,0.909313725490196,0.936274509803922,0.887254901960784,0.916666666666667,0.924019607843137,0.889705882352941,0.904411764705882,0.911764705882353,0.987745098039216,0.975490196078431,0.955882352941177,0.950980392156863,0.955882352941177,0.943627450980392,1,0.987745098039216,0.909313725490196,0.928921568627451,0.843137254901961,0.877450980392157,0.752450980392157,0.799019607843137,0.747549019607843,0.772058823529412,0.936274509803922,0.950980392156863,0.877450980392157,0.855392156862745,0.806372549019608,0.816176470588235,0.882352941176471,0.933823529411765,0.892156862745098,0.938725490196079,0.924019607843137,0.931372549019608,0.855392156862745,0.848039215686275,0.644607843137255,0.904411764705882,0.894607843137255,0.791666666666667,0.79656862745098,0.794117647058824
"VisualCortex_r.Px.Rat..W.Schiffer.",0.794117647058824,0.811772071647571,0.752450980392157,0.752450980392157,0.906862745098039,0.921568627450981,0.96078431372549,0.975490196078431,0.948529411764706,0.950980392156863,0.816176470588235,0.892156862745098,0.769607843137255,0.754901960784314,0.884803921568628,0.938725490196079,0.882352941176471,0.909313725490196,0.916666666666667,0.897058823529412,0.894607843137255,0.899509803921569,0.970588235294118,0.980392156862745,0.938725490196079,0.943627450980392,0.938725490196079,0.938725490196079,0.987745098039216,1,0.892156862745098,0.911764705882353,0.830882352941177,0.852941176470588,0.718137254901961,0.767156862745098,0.725490196078431,0.747549019607843,0.921568627450981,0.936274509803922,0.850490196078431,0.830882352941177,0.779411764705882,0.79656862745098,0.865196078431373,0.931372549019608,0.872549019607843,0.938725490196079,0.909313725490196,0.924019607843137,0.838235294117647,0.82843137254902,0.610294117647059,0.889705882352941,0.865196078431373,0.764705882352941,0.774509803921569,0.776960784313726
"HippocampusAnteroDorsal_l.Px.Rat..W.Schiffer.",0.899509803921569,0.944206186055332,0.865196078431373,0.877450980392157,0.96078431372549,0.973039215686275,0.95343137254902,0.887254901960784,0.936274509803922,0.96078431372549,0.906862745098039,0.904411764705882,0.772058823529412,0.747549019607843,0.96078431372549,0.968137254901961,0.928921568627451,0.948529411764706,0.904411764705882,0.889705882352941,0.919117647058824,0.892156862745098,0.933823529411765,0.887254901960784,0.904411764705882,0.941176470588235,0.926470588235294,0.899509803921569,0.909313725490196,0.892156862745098,1,0.977941176470588,0.941176470588235,0.946078431372549,0.882352941176471,0.899509803921569,0.857843137254902,0.877450980392157,0.982843137254902,0.982843137254902,0.985294117647059,0.968137254901961,0.933823529411765,0.933823529411765,0.904411764705882,0.909313725490196,0.950980392156863,0.921568627450981,0.936274509803922,0.948529411764706,0.968137254901961,0.968137254901961,0.757352941176471,0.941176470588235,0.977941176470588,0.897058823529412,0.928921568627451,0.879901960784314
"HippocampusAnteroDorsal_r.Px.Rat..W.Schiffer.",0.926470588235294,0.936848735254901,0.884803921568628,0.884803921568628,0.973039215686275,0.985294117647059,0.977941176470588,0.904411764705882,0.95343137254902,0.965686274509804,0.926470588235294,0.919117647058824,0.794117647058824,0.745098039215686,0.963235294117647,0.958333333333333,0.950980392156863,0.973039215686275,0.919117647058824,0.892156862745098,0.946078431372549,0.904411764705882,0.943627450980392,0.904411764705882,0.936274509803922,0.955882352941177,0.931372549019608,0.911764705882353,0.928921568627451,0.911764705882353,0.977941176470588,1,0.95343137254902,0.968137254901961,0.875,0.904411764705882,0.879901960784314,0.877450980392157,0.977941176470588,0.987745098039216,0.965686274509804,0.95343137254902,0.91421568627451,0.926470588235294,0.943627450980392,0.938725490196079,0.973039215686275,0.96078431372549,0.950980392156863,0.96078431372549,0.943627450980392,0.950980392156863,0.75,0.975490196078431,0.973039215686275,0.897058823529412,0.924019607843137,0.884803921568628
"HippocampusPosterior_l.Px.Rat..W.Schiffer.",0.975490196078431,0.974862231057128,0.965686274509804,0.950980392156863,0.948529411764706,0.924019607843137,0.916666666666667,0.82843137254902,0.884803921568628,0.909313725490196,0.965686274509804,0.928921568627451,0.725490196078431,0.647058823529412,0.924019607843137,0.899509803921569,0.916666666666667,0.91421568627451,0.823529411764706,0.794117647058824,0.892156862745098,0.79656862745098,0.850490196078431,0.82843137254902,0.894607843137255,0.906862745098039,0.833333333333333,0.803921568627451,0.843137254901961,0.830882352941177,0.941176470588235,0.95343137254902,1,0.985294117647059,0.955882352941177,0.968137254901961,0.958333333333333,0.943627450980392,0.926470588235294,0.924019607843137,0.950980392156863,0.958333333333333,0.958333333333333,0.970588235294118,0.95343137254902,0.936274509803922,0.982843137254902,0.943627450980392,0.887254901960784,0.889705882352941,0.958333333333333,0.95343137254902,0.877450980392157,0.965686274509804,0.95343137254902,0.948529411764706,0.977941176470588,0.91421568627451
"HippocampusPosterior_r.Px.Rat..W.Schiffer.",0.955882352941177,0.960147329456266,0.950980392156863,0.948529411764706,0.941176470588235,0.941176470588235,0.938725490196079,0.843137254901961,0.889705882352941,0.906862745098039,0.965686274509804,0.928921568627451,0.737745098039216,0.676470588235294,0.931372549019608,0.897058823529412,0.911764705882353,0.919117647058824,0.833333333333333,0.803921568627451,0.884803921568628,0.816176470588235,0.882352941176471,0.848039215686275,0.911764705882353,0.921568627450981,0.850490196078431,0.816176470588235,0.877450980392157,0.852941176470588,0.946078431372549,0.968137254901961,0.985294117647059,1,0.933823529411765,0.963235294117647,0.931372549019608,0.921568627450981,0.936274509803922,0.946078431372549,0.948529411764706,0.958333333333333,0.943627450980392,0.955882352941177,0.958333333333333,0.933823529411765,0.99264705882353,0.950980392156863,0.897058823529412,0.904411764705882,0.943627450980392,0.950980392156863,0.850490196078431,0.975490196078431,0.96078431372549,0.926470588235294,0.950980392156863,0.892156862745098
"Hypothalamus_l.Px.Rat..W.Schiffer.",0.965686274509804,0.954016120455907,0.980392156862745,0.955882352941177,0.870098039215686,0.843137254901961,0.823529411764706,0.705882352941177,0.799019607843137,0.830882352941177,0.95343137254902,0.897058823529412,0.656862745098039,0.57843137254902,0.875,0.813725490196079,0.818627450980392,0.818627450980392,0.715686274509804,0.691176470588235,0.811274509803922,0.698529411764706,0.747549019607843,0.727941176470588,0.82843137254902,0.850490196078431,0.725490196078431,0.698529411764706,0.752450980392157,0.718137254901961,0.882352941176471,0.875,0.955882352941177,0.933823529411765,1,0.982843137254902,0.975490196078431,0.958333333333333,0.843137254901961,0.838235294117647,0.911764705882353,0.921568627450981,0.955882352941177,0.95343137254902,0.894607843137255,0.887254901960784,0.919117647058824,0.872549019607843,0.781862745098039,0.786764705882353,0.919117647058824,0.909313725490196,0.941176470588235,0.872549019607843,0.901960784313726,0.950980392156863,0.975490196078431,0.894607843137255
