"","Accumbens_l.Px.Rat..W.Schiffer.","Accumbens_r.Px.Rat..W.Schiffer.","Amygdala_l.Px.Rat..W.Schiffer.","Amygdala_r.Px.Rat..W.Schiffer.","Striatum_l.Px.Rat..W.Schiffer.","Striatum_r.Px.Rat..W.Schiffer.","AuditoryCortex_l.Px.Rat..W.Schiffer.","AuditoryCortex_r.Px.Rat..W.Schiffer.","CingulateCortex_l.Px.Rat..W.Schiffer.","CingulateCortex_r.Px.Rat..W.Schiffer.","EntorhinalCortex_l.Px.Rat..W.Schiffer.","EntorhinalCortex_r.Px.Rat..W.Schiffer.","FrontalAssociationCortex_l.Px.Rat..W.Schiffer.","FrontalAssociationCortex_r.Px.Rat..W.Schiffer.","InsularCortex_l.Px.Rat..W.Schiffer.","InsularCortex_r.Px.Rat..W.Schiffer.","MedialPrefrontalCortex_l.Px.Rat..W.Schiffer.","MedialPrefrontalCortex_r.Px.Rat..W.Schiffer.","MotorCortex_l.Px.Rat..W.Schiffer.","MotorCortex_r.Px.Rat..W.Schiffer.","OrbitofrontalCortexl_l.Px.Rat..W.Schiffer.","OrbitofrontalCortex_r.Px.Rat..W.Schiffer.","ParACortex_l.Px.Rat..W.Schiffer.","ParACortex_r.Px.Rat..W.Schiffer.","RetrosplenialCortex_l.Px.Rat..W.Schiffer.","RetrosplenialCortex_r.Px.Rat..W.Schiffer.","SomatosensoryCortex_l.Px.Rat..W.Schiffer.","SomatosensoryCortex_r.Px.Rat..W.Schiffer.","VisualCortex_l.Px.Rat..W.Schiffer.","VisualCortex_r.Px.Rat..W.Schiffer.","HippocampusAnteroDorsal_l.Px.Rat..W.Schiffer.","HippocampusAnteroDorsal_r.Px.Rat..W.Schiffer.","HippocampusPosterior_l.Px.Rat..W.Schiffer.","HippocampusPosterior_r.Px.Rat..W.Schiffer.","Hypothalamus_l.Px.Rat..W.Schiffer.","Hypothalamus_r.Px.Rat..W.Schiffer.","Olfactory_l.Px.Rat..W.Schiffer.","Olfactory_r.Px.Rat..W.Schiffer.","ColliculusSuperior_l.Px.Rat..W.Schiffer.","ColliculusSuperior_r.Px.Rat..W.Schiffer.","Midbrain_l.Px.Rat..W.Schiffer.","Midbrain_r.Px.Rat..W.Schiffer.","VentralTegmentalArea_l.Px.Rat..W.Schiffer.","VentralTegmentalArea_r.Px.Rat..W.Schiffer.","Cerebellum_GM_l.Px.Rat..W.Schiffer.","Cerebellum_GM_r.Px.Rat..W.Schiffer.","Cerebellum_WM_l.Px.Rat..W.Schiffer.","Cerebellum_WM_r.Px.Rat..W.Schiffer.","ColliculusInferior_l.Px.Rat..W.Schiffer.","ColliculusInferior_r.Px.Rat..W.Schiffer.","Thalamus_l.Px.Rat..W.Schiffer.","Thalamus_r.Px.Rat..W.Schiffer.","Pituitary.Px.Rat..W.Schiffer.","Cerebellum.blood.Px.Rat..W.Schiffer.","CentralCanal.PAG.Px.Rat..W.Schiffer.","Pons.Px.Rat..W.Schiffer.","Septum.Px.Rat..W.Schiffer.","Medulla.Px.Rat..W.Schiffer."
"Accumbens_l.Px.Rat..W.Schiffer.",1,0.979285833867215,0.975570225819023,0.971977349443299,0.948478291698198,0.92167866177064,0.884645768105684,0.86551611336492,0.774131055103457,0.815885447604263,0.969209449819654,0.96215328334327,0.547552511430751,0.684102522370919,0.977741967773594,0.977964579402891,0.876103419686014,0.890879665983602,0.631736298311962,0.699728023364711,0.82616195364599,0.85065711988858,0.697251896750276,0.666739744837296,0.775473887110162,0.781932477415469,0.831923890932956,0.802319627756308,0.702536510780883,0.678760642531744,0.956895700189281,0.933782066870552,0.966132105436986,0.92992140834612,0.965563849657993,0.967177350976856,0.969293688795825,0.980597251589746,0.913939224308937,0.899924301416447,0.9614143181378,0.938781569116385,0.970719666534921,0.968584738590576,0.934905578459251,0.918094962443393,0.922890019959655,0.903312840875094,0.871578727600327,0.843638162156656,0.969540854592761,0.942120425245226,0.904315144323169,0.887578546875452,0.957577034445521,0.952917764725936,0.972795117694715,0.91840471286816
"Accumbens_r.Px.Rat..W.Schiffer.",0.979285833867215,1,0.945604697191253,0.96767960157156,0.949107020377265,0.938150356526241,0.900184372318901,0.86423727082286,0.79506216331112,0.840481152093253,0.941519999209206,0.942405610183066,0.557006965179968,0.706659232418196,0.970636211496794,0.962385873916088,0.876651069261134,0.908172202009744,0.652844201359341,0.723839858369988,0.820205839590904,0.872026124328617,0.722357212047361,0.684349482616354,0.788645967549766,0.797401016058175,0.849961995887926,0.811783168686967,0.722215804190085,0.685294000776249,0.962495650991676,0.948278603672961,0.961382126645596,0.948673303042002,0.965011430318898,0.972325982208835,0.938463745171609,0.973922516924065,0.920588379540506,0.921145797945443,0.969048609657636,0.949633738584237,0.971879447717136,0.971670179189256,0.934870289419547,0.914846397706546,0.929406341257432,0.907312485500688,0.876954108474615,0.864620352024059,0.973562247788743,0.95508703548284,0.905615146556487,0.895645132615149,0.96849418938064,0.955119281138647,0.978971459457219,0.921778609729133
"Amygdala_l.Px.Rat..W.Schiffer.",0.975570225819023,0.945604697191253,1,0.957693661641415,0.934392480551603,0.894773845654683,0.886930962741711,0.858832918514417,0.771532542999209,0.802903972488189,0.98341197740316,0.955284543753849,0.53559852061107,0.664557216165284,0.976039902002184,0.969061423780693,0.868212658092596,0.872358586938921,0.629257333432958,0.680306579750375,0.813301009710172,0.828423387066892,0.685879508700442,0.668516810246739,0.776671527398539,0.78736109781765,0.817901602394511,0.782601132729183,0.698086195945698,0.687447276205448,0.943721528327154,0.917864069794012,0.973151081855565,0.918454801907125,0.952497942596809,0.942842532948849,0.955927744732015,0.959128922036748,0.899482551528617,0.879195017290827,0.936582040456101,0.908606858800104,0.951361058616336,0.944226986958732,0.920702807055047,0.900634987183319,0.903046346640364,0.876378158349098,0.853994681756901,0.81319306907736,0.947975981739479,0.91720151869981,0.882853566804756,0.862831111336831,0.927173653370604,0.925636977017982,0.955278782224712,0.900230123512231
"Amygdala_r.Px.Rat..W.Schiffer.",0.971977349443299,0.96767960157156,0.957693661641415,1,0.921388440055801,0.905250559561379,0.878981533156298,0.855975681547687,0.736574987122887,0.775788523362158,0.950998604139325,0.974355591670922,0.488038136137974,0.646607258531677,0.950108029824564,0.965267437336401,0.830887393929558,0.851017714298938,0.583926448118912,0.658876411757561,0.76381119950534,0.817738370273265,0.683841561497637,0.647596918555783,0.768623640079677,0.770420654307545,0.804792348263105,0.773813398465119,0.704082705878007,0.675258674231826,0.937087445443822,0.917434937654578,0.945422133795064,0.932051222554406,0.949684342032374,0.958101875102084,0.941813015221164,0.968805085062993,0.890377592329717,0.875354014960925,0.929879418309421,0.908754213262747,0.939181188974293,0.949243509936373,0.925584727077065,0.902670605592528,0.899151019812482,0.876238061016683,0.842364998352665,0.809137177330832,0.939519620344745,0.915793165126586,0.903788568129002,0.846531423482934,0.927407661052225,0.915261189302917,0.953937550855194,0.872132138121945
"Striatum_l.Px.Rat..W.Schiffer.",0.948478291698198,0.949107020377265,0.934392480551603,0.921388440055801,1,0.988449400965341,0.956837963018946,0.963751126412895,0.91661002338639,0.939189589605068,0.926148984137093,0.930026731895024,0.644712849894553,0.773772943029531,0.94861408875255,0.966404562142287,0.957888818514001,0.962515904581657,0.795878480189974,0.848412873879615,0.882772726083753,0.917291361132663,0.848830060612141,0.829271813781992,0.901421011599242,0.908395004498484,0.95136664897934,0.932937216644753,0.851655233005027,0.834588052437139,0.982814143430046,0.978051436887713,0.969886542876256,0.97284700344528,0.898924522640894,0.908925015090391,0.87138135883638,0.903242804619814,0.978360051794641,0.978242178893127,0.974581028974834,0.977176933090634,0.945669485092435,0.958436485398172,0.971531100508791,0.959456876753753,0.980557440199199,0.967392585430222,0.965282364564138,0.952950151844784,0.976401866184255,0.973553788802358,0.792723152172598,0.956662246331044,0.97308482436817,0.940484989790222,0.966617640487392,0.945232131978516
"Striatum_r.Px.Rat..W.Schiffer.",0.92167866177064,0.938150356526241,0.894773845654683,0.905250559561379,0.988449400965341,1,0.958917960584851,0.964776891893001,0.915470740875527,0.943744643710706,0.886436889823488,0.905139312560228,0.641815128104291,0.783702919607997,0.911689648316601,0.94171283661818,0.93974132216498,0.949836722515063,0.804012390616875,0.865096205335199,0.861490187886562,0.914646903521675,0.880935866282937,0.85738235377264,0.912471978206591,0.922598729045794,0.960234469530978,0.950606980641823,0.875641522645314,0.853851690635527,0.970649755844166,0.978651971318275,0.946810572781176,0.974286431610429,0.8726236635325,0.891433546580431,0.829980012677021,0.8746135681144,0.970557940991305,0.981183567801727,0.960013588476634,0.974342790137523,0.924549463244585,0.945425404802432,0.961243732474741,0.946857531621656,0.979685191185195,0.965716601005141,0.96762157333736,0.961184977260625,0.958880481341861,0.967912868222806,0.766256628016088,0.959416169189315,0.960838458244879,0.92467259313395,0.946609993538274,0.936112966665097
"AuditoryCortex_l.Px.Rat..W.Schiffer.",0.884645768105684,0.900184372318901,0.886930962741711,0.878981533156298,0.956837963018946,0.958917960584851,1,0.960392007491017,0.893086301636249,0.910194641994031,0.896992474878578,0.895015717490447,0.573535379976227,0.731566792088398,0.89618184683951,0.914899881440877,0.912685785190373,0.929306510642793,0.7719172942676,0.828472799396505,0.813899750673792,0.877632879074533,0.90524649915138,0.873271344503238,0.913056962065871,0.93269130277278,0.950645035163558,0.921803292437116,0.914056558446548,0.891465683047446,0.933366213800892,0.930226952355273,0.921999452155733,0.928554693097571,0.819968588049126,0.825014802859103,0.797140630697537,0.835884311984951,0.930562335821002,0.931105038074351,0.904840903351233,0.904202067109338,0.863996812478964,0.870769174220834,0.930098752425575,0.907171076871114,0.931940802535962,0.907586788021729,0.924065779613051,0.91018878547834,0.908161754629937,0.910827147295835,0.691680291689464,0.894915213459328,0.893589784627565,0.841646750864113,0.890700099171958,0.858572345590589
"AuditoryCortex_r.Px.Rat..W.Schiffer.",0.86551611336492,0.86423727082286,0.858832918514417,0.855975681547687,0.963751126412895,0.964776891893001,0.960392007491017,1,0.934542038257549,0.945551163963586,0.859382186466426,0.888432233370952,0.671231383630012,0.798264362275212,0.860744854574998,0.918697454013515,0.936611411220953,0.93633875747537,0.844875664840117,0.895753760024746,0.864226526049883,0.907489054026015,0.91861622138392,0.908646119453502,0.949453068613777,0.953296451099648,0.966452554292879,0.969409075458235,0.930764388415629,0.928126121888672,0.937213723406565,0.945464524277431,0.905141178981883,0.938788805873892,0.783884520993876,0.805700648584839,0.771583550237266,0.803813016966635,0.949431260525579,0.953794505884565,0.904593314768819,0.928693900443276,0.844100907888611,0.883462677991642,0.947685758823917,0.945863738153133,0.949749756171896,0.954573255698203,0.952511465818284,0.949582278370897,0.90681455732677,0.926547683949692,0.660168016476531,0.921814305444359,0.905788640957473,0.849104973078308,0.889711452374849,0.881610525928422
"CingulateCortex_l.Px.Rat..W.Schiffer.",0.774131055103457,0.79506216331112,0.771532542999209,0.736574987122887,0.91661002338639,0.915470740875527,0.893086301636249,0.934542038257549,1,0.990614284206907,0.760347653840892,0.766262048294199,0.788453661560971,0.861103444476152,0.798823498943106,0.833726388090287,0.962979276055339,0.951794198622829,0.950374538169877,0.964320648919333,0.902369403795175,0.912184957949704,0.916590041118903,0.900783793159879,0.941463015198361,0.940857891845343,0.967485371738372,0.961034190958404,0.905673885265067,0.887434467617403,0.892317950142779,0.908391068369181,0.859452623666433,0.898019021917358,0.724952799365011,0.745490734872309,0.673883630715619,0.714948863311384,0.930708125179273,0.942821589390495,0.87553903098254,0.905179274087138,0.805687445671768,0.838457270062658,0.886200935506867,0.881077175330872,0.915245732023488,0.916010886231583,0.944419783342978,0.95078580954334,0.867547327927711,0.897044570999817,0.606199214366863,0.923895463311997,0.879934467476123,0.83638259654896,0.844152079983444,0.883292983927861
"CingulateCortex_r.Px.Rat..W.Schiffer.",0.815885447604263,0.840481152093253,0.802903972488189,0.775788523362158,0.939189589605068,0.943744643710706,0.910194641994031,0.945551163963586,0.990614284206907,1,0.789529868461389,0.796607527408696,0.772465080851325,0.869488852982203,0.831616529074874,0.86762256787617,0.965612662416932,0.964281139325068,0.932816384421131,0.96115047228827,0.90419226898034,0.930019914848278,0.917576313536629,0.901362518339956,0.939174568385833,0.940646025330251,0.976701046428421,0.97126336169615,0.899104727009432,0.879833400335451,0.921861834360992,0.937062528285522,0.888549482212904,0.926346744795278,0.768640828137778,0.792154903334344,0.714394844119542,0.758986011211335,0.949095994515356,0.968224958773794,0.908970105241295,0.936022291914955,0.846364899395319,0.878047544026053,0.907260679412565,0.902949744234253,0.939000517130552,0.93951787760647,0.958506244070436,0.973759846540649,0.901723030990332,0.928468796736671,0.654016933849161,0.945753669198862,0.912529095696098,0.877972408922553,0.87538479875652,0.917416746935933
"EntorhinalCortex_l.Px.Rat..W.Schiffer.",0.969209449819654,0.941519999209206,0.98341197740316,0.950998604139325,0.926148984137093,0.886436889823488,0.896992474878578,0.859382186466426,0.760347653840892,0.789529868461389,1,0.975663356687478,0.536875146713248,0.664175762239037,0.976706735441672,0.966185697372887,0.853889253254521,0.863046493278867,0.623928930000898,0.676681749936194,0.816069141864049,0.833908595734401,0.694235629731799,0.666576212083922,0.767681850279844,0.785155770955138,0.816561359502478,0.77834998874313,0.71032860988406,0.698439578028113,0.92237331606046,0.897734903494018,0.94881214778524,0.894870733086369,0.919981264130308,0.909148288612065,0.96135830578111,0.96000480477287,0.871677393029497,0.858965349506784,0.914732417243652,0.887957126997148,0.925031594946633,0.912672051760484,0.919421005250277,0.90071297574735,0.891495955510827,0.864822796792625,0.831731892812652,0.801271879207863,0.924698502484477,0.892195961081529,0.853990134352311,0.838780855002192,0.907732966702695,0.893721887327904,0.937757456428482,0.872926796553619
"EntorhinalCortex_r.Px.Rat..W.Schiffer.",0.96215328334327,0.942405610183066,0.955284543753849,0.974355591670922,0.930026731895024,0.905139312560228,0.895015717490447,0.888432233370952,0.766262048294199,0.796607527408696,0.975663356687478,1,0.555479014451187,0.692425038175321,0.949825680341996,0.972688811553145,0.848647846203822,0.858343174488862,0.639248015739396,0.702923609072628,0.815538681777519,0.852153680599694,0.719837130504339,0.687920545607891,0.796179736582967,0.805324232473555,0.827255476412833,0.803840455648789,0.747937007296193,0.730649427170009,0.926845521716695,0.911391927355983,0.934417271246131,0.917879094241413,0.905082194946898,0.909129138726188,0.946202552376121,0.95673538170272,0.883274878874128,0.874919551827599,0.916077015053939,0.903603989336274,0.911439735268703,0.921655318014285,0.938239870088517,0.924245375239219,0.906206808689339,0.890225700936676,0.847782048780194,0.822878539514541,0.921737033130926,0.900369500685327,0.851198717778797,0.847957410124178,0.91630053822778,0.888971835754275,0.939331128853111,0.869983273252003
"FrontalAssociationCortex_l.Px.Rat..W.Schiffer.",0.547552511430751,0.557006965179968,0.53559852061107,0.488038136137974,0.644712849894553,0.641815128104291,0.573535379976227,0.671231383630012,0.788453661560971,0.772465080851325,0.536875146713248,0.555479014451187,1,0.943336362314226,0.556448045598878,0.603261850584661,0.754202070757005,0.745805819303158,0.907414098406185,0.872047076855875,0.907853399129761,0.850412556795571,0.685211828011474,0.702048891317541,0.748751584775709,0.744202991377323,0.701402850577348,0.724096838414016,0.672877507194721,0.679767243534832,0.66009115223348,0.702270712858977,0.622726809780865,0.673319502419843,0.523819467640786,0.552528355657337,0.550080003273021,0.559840746118766,0.675863560108066,0.688673560857791,0.650125456671281,0.696519058734264,0.585269554203267,0.631601530621049,0.657419446077751,0.680693013282442,0.678470823154415,0.712932845040554,0.666732772051642,0.684247211999652,0.635070591198195,0.685234973704444,0.52135324871341,0.719181320686943,0.67497424030296,0.654081496444198,0.631975775915378,0.742268081746465
"FrontalAssociationCortex_r.Px.Rat..W.Schiffer.",0.684102522370919,0.706659232418196,0.664557216165284,0.646607258531677,0.773772943029531,0.783702919607997,0.731566792088398,0.798264362275212,0.861103444476152,0.869488852982203,0.664175762239037,0.692425038175321,0.943336362314226,1,0.688578160740315,0.741981345048978,0.844515577392679,0.855670781106839,0.927561150004264,0.935882054171786,0.93361013856534,0.944100141227385,0.796269402399636,0.810669527285285,0.841759553152804,0.846916783167841,0.822438919175405,0.837033058010668,0.791118482340794,0.79532714848957,0.783718949059005,0.820619508351018,0.749456207095851,0.80122735722464,0.647438034444001,0.68590253834931,0.653437525260643,0.687005362567331,0.794205693098778,0.81693138740037,0.773860316521637,0.815334849117141,0.710434772889675,0.75799491619699,0.775602324870094,0.797706865032752,0.785465500183473,0.818098498300253,0.779081934675322,0.810304238418384,0.759725987610596,0.800264110135754,0.625085891000543,0.805568934482842,0.788715407404581,0.768636541153356,0.755464465786435,0.827077888888425
"InsularCortex_l.Px.Rat..W.Schiffer.",0.977741967773594,0.970636211496794,0.976039902002184,0.950108029824564,0.94861408875255,0.911689648316601,0.89618184683951,0.860744854574998,0.798823498943106,0.831616529074874,0.976706735441672,0.949825680341996,0.556448045598878,0.688578160740315,1,0.975459861595663,0.89528501558902,0.907731655326366,0.653607431774108,0.708446061742288,0.832617770018223,0.854932004110232,0.697577710883402,0.671179418414392,0.775951593548904,0.786392559534082,0.845586664102054,0.802920458847819,0.705553791488399,0.678812376539215,0.953058117705926,0.928391383067941,0.968091819546246,0.924993088324378,0.951597832553955,0.945169033317927,0.948654244685611,0.96738318492006,0.914825996995033,0.903630190789014,0.956582607638611,0.930423887197153,0.96460124833878,0.95128557073751,0.932282525850324,0.912606571600053,0.920875298668834,0.89554988839363,0.866742388566708,0.84743363956702,0.965087466149467,0.93682978147718,0.881968771305372,0.88508568027731,0.949908430793911,0.941763861614959,0.971170653727109,0.91406712962972
"InsularCortex_r.Px.Rat..W.Schiffer.",0.977964579402891,0.962385873916088,0.969061423780693,0.965267437336401,0.966404562142287,0.94171283661818,0.914899881440877,0.918697454013515,0.833726388090287,0.86762256787617,0.966185697372887,0.972688811553145,0.603261850584661,0.741981345048978,0.975459861595663,1,0.910144313044443,0.916001856960629,0.706787643224893,0.771383936283912,0.854578369614598,0.883190708751913,0.760545072818454,0.742077023620169,0.836829848369839,0.839026253104265,0.884490246684523,0.867055004858427,0.772168331082536,0.755161535999954,0.971473327111233,0.954256135236349,0.970840915716568,0.952812018589767,0.932415130391153,0.939505360465604,0.934733859625912,0.95364044140386,0.942127035720215,0.933151023068019,0.965587801062943,0.953918617251118,0.953068672886958,0.964333201792823,0.962167319324507,0.948777472177879,0.948622889511756,0.935652161515826,0.906878835055378,0.889817394923017,0.972078634176739,0.957779222300461,0.85656088072728,0.912441101780529,0.962011556888539,0.945854812311726,0.971038708552345,0.928997916882348
"MedialPrefrontalCortex_l.Px.Rat..W.Schiffer.",0.876103419686014,0.876651069261134,0.868212658092596,0.830887393929558,0.957888818514001,0.93974132216498,0.912685785190373,0.936611411220953,0.962979276055339,0.965612662416932,0.853889253254521,0.848647846203822,0.754202070757005,0.844515577392679,0.89528501558902,0.910144313044443,1,0.986962343204531,0.885351790103233,0.910205319004703,0.927711728386049,0.934648012658456,0.856665616954348,0.83751377977931,0.907417314547758,0.910843346977955,0.954519136965694,0.936537827624091,0.859841919233203,0.835971019348751,0.944440694082037,0.939946687756783,0.929219371568413,0.931150484246059,0.826454206005634,0.842095525951611,0.791873821468063,0.828148001395726,0.962513607751838,0.957738866627197,0.938636976111679,0.946208469081402,0.894875063630599,0.908395667601476,0.933433492129254,0.921980555385461,0.950451931467441,0.941403016277092,0.952066543960534,0.945915041111137,0.934516007860225,0.940195845868731,0.719672029913987,0.93972076476161,0.936015446587609,0.899626270731668,0.914157529822817,0.921026003767771
"MedialPrefrontalCortex_r.Px.Rat..W.Schiffer.",0.890879665983602,0.908172202009744,0.872358586938921,0.851017714298938,0.962515904581657,0.949836722515063,0.929306510642793,0.93633875747537,0.951794198622829,0.964281139325068,0.863046493278867,0.858343174488862,0.745805819303158,0.855670781106839,0.907731655326366,0.916001856960629,0.986962343204531,1,0.871440291147611,0.90732153540466,0.925248924229803,0.955789044692151,0.85793431339046,0.833526065051285,0.898797172226686,0.907142397252603,0.953081107840813,0.928148518543656,0.855957385157572,0.832129948382889,0.952722913284829,0.950445837642691,0.939013043093161,0.942635095031113,0.846897405840643,0.863687718695015,0.807817378097633,0.852396030330685,0.961149597909756,0.964918420282954,0.949280388869607,0.953610495890212,0.912472877730008,0.920611712417486,0.929666384542813,0.918965446500082,0.944797247621211,0.937523071322989,0.945645254597509,0.951260296765341,0.945051765647999,0.949191152611032,0.746692426047456,0.937089229583213,0.947411664999873,0.914936481828747,0.9251180164575,0.930615978177197
"MotorCortex_l.Px.Rat..W.Schiffer.",0.631736298311962,0.652844201359341,0.629257333432958,0.583926448118912,0.795878480189974,0.804012390616875,0.7719172942676,0.844875664840117,0.950374538169877,0.932816384421131,0.623928930000898,0.639248015739396,0.907414098406185,0.927561150004264,0.653607431774108,0.706787643224893,0.885351790103233,0.871440291147611,1,0.98477930712102,0.901953432437314,0.892058040755254,0.89143920844072,0.896080116481118,0.909068365158796,0.907367324786541,0.89756799379848,0.907122348751789,0.871406528296714,0.871992245183663,0.776397055833423,0.811228992170181,0.731462298323328,0.79004580956954,0.579744977829807,0.612303966762193,0.553130329042908,0.587405203825303,0.825683978698038,0.844481247805075,0.756145895064312,0.801902703579271,0.669710588673588,0.714481462820644,0.785986373993633,0.793356533598779,0.818366416010207,0.833876627381171,0.852781687549154,0.867403528478378,0.741838640464837,0.790426046762545,0.493901817586752,0.843349009348417,0.770198501935058,0.728465195615101,0.716838124106213,0.806392814714481
"MotorCortex_r.Px.Rat..W.Schiffer.",0.699728023364711,0.723839858369988,0.680306579750375,0.658876411757561,0.848412873879615,0.865096205335199,0.828472799396505,0.895753760024746,0.964320648919333,0.96115047228827,0.676681749936194,0.702923609072628,0.872047076855875,0.935882054171786,0.708446061742288,0.771383936283912,0.910205319004703,0.90732153540466,0.98477930712102,1,0.907786185691715,0.921843986280128,0.920757793480778,0.919800208147875,0.932642479423311,0.93459949488543,0.934477784761368,0.950476383810927,0.905490908759336,0.902311436806911,0.829488833605978,0.863414335543906,0.781734823993141,0.844717081294701,0.639723193202645,0.676508412921348,0.610374920980874,0.650282953382992,0.873161626695679,0.896884181407001,0.812442743196577,0.858139355819114,0.72764453042886,0.774985325988268,0.83654118347482,0.842383344143987,0.863594663707368,0.879553380395575,0.89725099937523,0.918993209202797,0.797566548220623,0.845303609320997,0.544878605285181,0.881547568983959,0.824994887947258,0.779948395284573,0.773810394906442,0.84253610731142
"OrbitofrontalCortexl_l.Px.Rat..W.Schiffer.",0.82616195364599,0.820205839590904,0.813301009710172,0.76381119950534,0.882772726083753,0.861490187886562,0.813899750673792,0.864226526049883,0.902369403795175,0.90419226898034,0.816069141864049,0.815538681777519,0.907853399129761,0.93361013856534,0.832617770018223,0.854578369614598,0.927711728386049,0.925248924229803,0.901953432437314,0.907786185691715,1,0.968679817590769,0.787242952775513,0.783721329254777,0.866786485971875,0.870577390671788,0.862886870643824,0.861552433429324,0.796293459325015,0.787869690830921,0.886147789187835,0.898377860066869,0.870229178851322,0.878452026945906,0.78422112016135,0.7950150421277,0.809842221956295,0.817124764147587,0.883246655208816,0.884709115828733,0.882844539914348,0.900565784553455,0.838939319224839,0.860548432989065,0.868236218187811,0.87474374715265,0.878820469038322,0.889879466751333,0.857643055401753,0.860307870942822,0.87445969774053,0.891009234641044,0.72746954781167,0.888196257569583,0.892824785785947,0.862501179715045,0.869658449077186,0.91347626657333
"OrbitofrontalCortex_r.Px.Rat..W.Schiffer.",0.85065711988858,0.872026124328617,0.828423387066892,0.817738370273265,0.917291361132663,0.914646903521675,0.877632879074533,0.907489054026015,0.912184957949704,0.930019914848278,0.833908595734401,0.852153680599694,0.850412556795571,0.944100141227385,0.854932004110232,0.883190708751913,0.934648012658456,0.955789044692151,0.892058040755254,0.921843986280128,0.968679817590769,1,0.836629966175132,0.830367841326348,0.890978657358518,0.902391612613461,0.904853044336772,0.89725125959835,0.84553677044484,0.836280937375796,0.913311418442321,0.928834295994242,0.894531401009068,0.919197050636262,0.803335886232173,0.825965149419884,0.806777593726041,0.842901883931166,0.907174875573009,0.924871029392416,0.908138741437454,0.926983901724633,0.864017489441885,0.887916278794821,0.895580010466003,0.900163730668052,0.902165631373782,0.911201517827439,0.8852869298013,0.906935250704846,0.898556984714307,0.913051480617414,0.740487198141048,0.89545656863062,0.915277793625394,0.880294331406327,0.893478989974139,0.919108341500364
"ParACortex_l.Px.Rat..W.Schiffer.",0.697251896750276,0.722357212047361,0.685879508700442,0.683841561497637,0.848830060612141,0.880935866282937,0.90524649915138,0.91861622138392,0.916590041118903,0.917576313536629,0.694235629731799,0.719837130504339,0.685211828011474,0.796269402399636,0.697577710883402,0.760545072818454,0.856665616954348,0.85793431339046,0.89143920844072,0.920757793480778,0.787242952775513,0.836629966175132,1,0.981632389277079,0.962610572624168,0.969821402930649,0.954826417072754,0.950622699459144,0.976015808643892,0.964073886600622,0.819106256649468,0.843723976934506,0.760790351661088,0.826101901649949,0.615148071094646,0.644137273433494,0.582080232169081,0.628906890292461,0.853972698728574,0.868231877557092,0.769676177885757,0.805432711830206,0.680107086048501,0.726685121077184,0.839230073338478,0.831954269677662,0.864691184465413,0.862719002850908,0.893115552769642,0.884168041025788,0.770233737004479,0.814052098233991,0.491081827330633,0.861263333214503,0.77115496956618,0.715638949023948,0.73567136412018,0.77226343547804
"ParACortex_r.Px.Rat..W.Schiffer.",0.666739744837296,0.684349482616354,0.668516810246739,0.647596918555783,0.829271813781992,0.85738235377264,0.873271344503238,0.908646119453502,0.900783793159879,0.901362518339956,0.666576212083922,0.687920545607891,0.702048891317541,0.810669527285285,0.671179418414392,0.742077023620169,0.83751377977931,0.833526065051285,0.896080116481118,0.919800208147875,0.783721329254777,0.830367841326348,0.981632389277079,1,0.963347755192701,0.966457240112731,0.93736804167187,0.94388285416982,0.963189278737793,0.974487518836825,0.796081659291275,0.825658139449065,0.733905593460514,0.801609727382939,0.580348206093774,0.613732755883045,0.554514004695006,0.597472992460911,0.833762599078276,0.845844277260242,0.741152610499379,0.782615066141385,0.645211793483549,0.703627955247096,0.824158784483681,0.827180804699336,0.843071069927411,0.851689391957485,0.868541812909924,0.863763835763489,0.74498234344061,0.793778575031399,0.460665102254137,0.837938376273157,0.745128032874866,0.691952038328752,0.71436445611558,0.75359561526935
"RetrosplenialCortex_l.Px.Rat..W.Schiffer.",0.775473887110162,0.788645967549766,0.776671527398539,0.768623640079677,0.901421011599242,0.912471978206591,0.913056962065871,0.949453068613777,0.941463015198361,0.939174568385833,0.767681850279844,0.796179736582967,0.748751584775709,0.841759553152804,0.775951593548904,0.836829848369839,0.907417314547758,0.898797172226686,0.909068365158796,0.932642479423311,0.866786485971875,0.890978657358518,0.962610572624168,0.963347755192701,1,0.991950954538185,0.957203165468636,0.955930700700025,0.96972749650946,0.96002435087676,0.891727316763514,0.909761467024199,0.839094050920351,0.898928481610013,0.717101362456903,0.742227593500439,0.69261397201104,0.724262874323192,0.920353261325825,0.914040167768367,0.845495566065986,0.872633393143437,0.760314816518366,0.814990946166784,0.904541046824057,0.899920331155852,0.914024664622484,0.916494600114682,0.924898970268244,0.903391412880326,0.847512846063157,0.887277830877571,0.610779475122475,0.90386889400318,0.850959263707595,0.79325971437458,0.827252656002705,0.840205192932004
"RetrosplenialCortex_r.Px.Rat..W.Schiffer.",0.781932477415469,0.797401016058175,0.78736109781765,0.770420654307545,0.908395004498484,0.922598729045794,0.93269130277278,0.953296451099648,0.940857891845343,0.940646025330251,0.785155770955138,0.805324232473555,0.744202991377323,0.846916783167841,0.786392559534082,0.839026253104265,0.910843346977955,0.907142397252603,0.907367324786541,0.93459949488543,0.870577390671788,0.902391612613461,0.969821402930649,0.966457240112731,0.991950954538185,1,0.963038737443357,0.958863868729043,0.974201035926235,0.969334795185052,0.891343927409587,0.913216923625202,0.847751424479035,0.898180821313915,0.719237214614985,0.741132565994581,0.701185161184375,0.734571870887791,0.916697169162216,0.916821683435849,0.848093531892168,0.875122730498058,0.769210705549915,0.81215832170844,0.907516869594532,0.90199533832368,0.918282649782745,0.915530532658655,0.927487955909325,0.906432363309259,0.846452441414264,0.884270769324963,0.609290256592866,0.905782085980121,0.852374715571413,0.791335809746708,0.829340205294726,0.839575152672497
"SomatosensoryCortex_l.Px.Rat..W.Schiffer.",0.831923890932956,0.849961995887926,0.817901602394511,0.804792348263105,0.95136664897934,0.960234469530978,0.950645035163558,0.966452554292879,0.967485371738372,0.976701046428421,0.816561359502478,0.827255476412833,0.701402850577348,0.822438919175405,0.845586664102054,0.884490246684523,0.954519136965694,0.953081107840813,0.89756799379848,0.934477784761368,0.862886870643824,0.904853044336772,0.954826417072754,0.93736804167187,0.957203165468636,0.963038737443357,1,0.985978016603013,0.934350481567873,0.91994199810136,0.925211779686034,0.93471777298794,0.887648825130071,0.921229220290627,0.766722860276598,0.789442041927648,0.719358247166804,0.767985532188659,0.951217357268641,0.960693428427509,0.90186007312963,0.921401791844375,0.83793493088081,0.863316900586003,0.929377931363468,0.920775226042534,0.954397565250936,0.947880863516235,0.971830671726136,0.967867072716874,0.900470172094709,0.921963781142997,0.6425640946145,0.945981445004965,0.900815412164004,0.858820763952014,0.871157179555605,0.8900103643228
"SomatosensoryCortex_r.Px.Rat..W.Schiffer.",0.802319627756308,0.811783168686967,0.782601132729183,0.773813398465119,0.932937216644753,0.950606980641823,0.921803292437116,0.969409075458235,0.961034190958404,0.97126336169615,0.77834998874313,0.803840455648789,0.724096838414016,0.837033058010668,0.802920458847819,0.867055004858427,0.936537827624091,0.928148518543656,0.907122348751789,0.950476383810927,0.861552433429324,0.89725125959835,0.950622699459144,0.94388285416982,0.955930700700025,0.958863868729043,0.985978016603013,1,0.936569117931319,0.930146157573437,0.904865203405126,0.924026767067159,0.858288712965078,0.909120884857344,0.725290924538242,0.756169227751774,0.687228827711937,0.72889853589417,0.938227007776495,0.95239972003528,0.879836246650504,0.914872040799686,0.806228698541428,0.846327756822799,0.915322188824568,0.910918216101301,0.941069027065568,0.94286810873015,0.963122720604772,0.967621962852546,0.875639472167228,0.909042272774063,0.598942213415716,0.935590499769232,0.883036876933898,0.835065166889615,0.846720666724642,0.878597001244463
"VisualCortex_l.Px.Rat..W.Schiffer.",0.702536510780883,0.722215804190085,0.698086195945698,0.704082705878007,0.851655233005027,0.875641522645314,0.914056558446548,0.930764388415629,0.905673885265067,0.899104727009432,0.71032860988406,0.747937007296193,0.672877507194721,0.791118482340794,0.705553791488399,0.772168331082536,0.859841919233203,0.855957385157572,0.871406528296714,0.905490908759336,0.796293459325015,0.84553677044484,0.976015808643892,0.963189278737793,0.96972749650946,0.974201035926235,0.934350481567873,0.936569117931319,1,0.983089291398533,0.818316382997887,0.838752503379729,0.765709755794302,0.83433919756298,0.612095367061878,0.639997196322179,0.602085343173812,0.640618477674978,0.859614072139886,0.864110480807617,0.771175152355324,0.805079657870933,0.674869225419135,0.725353645864391,0.853310838650326,0.841041562384285,0.856870894630767,0.852784116800721,0.879168354530011,0.871684870803081,0.767417228144877,0.808477094938598,0.482480153997667,0.832192319094457,0.770991648894112,0.690126573154098,0.742499309776946,0.746703381171943
"VisualCortex_r.Px.Rat..W.Schiffer.",0.678760642531744,0.685294000776249,0.687447276205448,0.675258674231826,0.834588052437139,0.853851690635527,0.891465683047446,0.928126121888672,0.887434467617403,0.879833400335451,0.698439578028113,0.730649427170009,0.679767243534832,0.79532714848957,0.678812376539215,0.755161535999954,0.835971019348751,0.832129948382889,0.871992245183663,0.902311436806911,0.787869690830921,0.836280937375796,0.964073886600622,0.974487518836825,0.96002435087676,0.969334795185052,0.91994199810136,0.930146157573437,0.983089291398533,1,0.792814830501924,0.817564843443198,0.742436628277693,0.803213395114583,0.576109301168998,0.608093453326943,0.583346945930384,0.613680052471922,0.832008926302197,0.83845995702556,0.739502735107847,0.777737553148376,0.643352657233366,0.697720263124175,0.839221783146531,0.841880391808106,0.833982002101347,0.842786142522016,0.860843253944664,0.853759146090562,0.738543019855905,0.780960577660867,0.449194612992124,0.806279072561213,0.742851293169393,0.663947299618328,0.716740007361046,0.722355658991416
"HippocampusAnteroDorsal_l.Px.Rat..W.Schiffer.",0.956895700189281,0.962495650991676,0.943721528327154,0.937087445443822,0.982814143430046,0.970649755844166,0.933366213800892,0.937213723406565,0.892317950142779,0.921861834360992,0.92237331606046,0.926845521716695,0.66009115223348,0.783718949059005,0.953058117705926,0.971473327111233,0.944440694082037,0.952722913284829,0.776397055833423,0.829488833605978,0.886147789187835,0.913311418442321,0.819106256649468,0.796081659291275,0.891727316763514,0.891343927409587,0.925211779686034,0.904865203405126,0.818316382997887,0.792814830501924,1,0.991475195722134,0.984220041930317,0.986984151886778,0.941004177138293,0.948294171456228,0.896931862529912,0.926566589400618,0.984794320062024,0.973768995389616,0.988445353049789,0.982327693986253,0.963547321019666,0.978123547529634,0.962130754760377,0.952574444762233,0.974004148425563,0.965481921204396,0.951174575021849,0.929096646754289,0.993186618034592,0.993669281596083,0.853158477520445,0.961486489990826,0.985383785339307,0.962593355710839,0.980998570024129,0.962067069008736
"HippocampusAnteroDorsal_r.Px.Rat..W.Schiffer.",0.933782066870552,0.948278603672961,0.917864069794012,0.917434937654578,0.978051436887713,0.978651971318275,0.930226952355273,0.945464524277431,0.908391068369181,0.937062528285522,0.897734903494018,0.911391927355983,0.702270712858977,0.820619508351018,0.928391383067941,0.954256135236349,0.939946687756783,0.950445837642691,0.811228992170181,0.863414335543906,0.898377860066869,0.928834295994242,0.843723976934506,0.825658139449065,0.909761467024199,0.913216923625202,0.93471777298794,0.924026767067159,0.838752503379729,0.817564843443198,0.991475195722134,1,0.968672927255393,0.992164936343629,0.918067468752979,0.93181639364048,0.872594223300566,0.907185462829783,0.981673472381799,0.979625741589959,0.977277138658672,0.987102725420118,0.946537142787091,0.971191816693279,0.962355630954807,0.95732303889509,0.97852576800938,0.976083298876222,0.953372861097452,0.937465352835561,0.978849777473786,0.993350074057827,0.839115732352102,0.972838471391563,0.980705379099992,0.955852167738805,0.972099393618895,0.966769166278714
"HippocampusPosterior_l.Px.Rat..W.Schiffer.",0.966132105436986,0.961382126645596,0.973151081855565,0.945422133795064,0.969886542876256,0.946810572781176,0.921999452155733,0.905141178981883,0.859452623666433,0.888549482212904,0.94881214778524,0.934417271246131,0.622726809780865,0.749456207095851,0.968091819546246,0.970840915716568,0.929219371568413,0.939013043093161,0.731462298323328,0.781734823993141,0.870229178851322,0.894531401009068,0.760790351661088,0.733905593460514,0.839094050920351,0.847751424479035,0.887648825130071,0.858288712965078,0.765709755794302,0.742436628277693,0.984220041930317,0.968672927255393,1,0.972301007721019,0.95809766505229,0.954003916097544,0.917974987074713,0.940272264092449,0.962291412167757,0.950714594480469,0.98376836154045,0.966012049053366,0.981157499069086,0.974902964477032,0.93781127788597,0.919152334297291,0.94619890947279,0.92495574848567,0.926214682688407,0.900112776743445,0.985125301034728,0.969166380424243,0.868284228613869,0.930052881982173,0.974041710218346,0.962520912808804,0.975930723215706,0.956148247314244
"HippocampusPosterior_r.Px.Rat..W.Schiffer.",0.92992140834612,0.948673303042002,0.918454801907125,0.932051222554406,0.97284700344528,0.974286431610429,0.928554693097571,0.938788805873892,0.898019021917358,0.926346744795278,0.894870733086369,0.917879094241413,0.673319502419843,0.80122735722464,0.924993088324378,0.952812018589767,0.931150484246059,0.942635095031113,0.79004580956954,0.844717081294701,0.878452026945906,0.919197050636262,0.826101901649949,0.801609727382939,0.898928481610013,0.898180821313915,0.921229220290627,0.909120884857344,0.83433919756298,0.803213395114583,0.986984151886778,0.992164936343629,0.972301007721019,1,0.921012813194156,0.934329714111012,0.865980041121151,0.905467260164672,0.97936673315797,0.977802943923005,0.976167630723339,0.983164963642866,0.949042844263039,0.972927266184817,0.954972488097755,0.941017944849589,0.968244724826825,0.958532839150595,0.947167162077384,0.934298976689634,0.975221889536037,0.98505227351734,0.839676935767534,0.955658440554527,0.976407741979477,0.950289152262466,0.96929750827175,0.959236348502013
"Hypothalamus_l.Px.Rat..W.Schiffer.",0.965563849657993,0.965011430318898,0.952497942596809,0.949684342032374,0.898924522640894,0.8726236635325,0.819968588049126,0.783884520993876,0.724952799365011,0.768640828137778,0.919981264130308,0.905082194946898,0.523819467640786,0.647438034444001,0.951597832553955,0.932415130391153,0.826454206005634,0.846897405840643,0.579744977829807,0.639723193202645,0.78422112016135,0.803335886232173,0.615148071094646,0.580348206093774,0.717101362456903,0.719237214614985,0.766722860276598,0.725290924538242,0.612095367061878,0.576109301168998,0.941004177138293,0.918067468752979,0.95809766505229,0.921012813194156,1,0.991607665541821,0.951281376230466,0.968681278584628,0.893708367651258,0.871213660523122,0.953021021938179,0.91928556053366,0.977102668567609,0.966067975861822,0.879844021886973,0.861443493020176,0.881458669210701,0.859242148898948,0.832179598864938,0.790078895758345,0.959913560249747,0.932927834224585,0.959210838213453,0.868468995229651,0.947396444912341,0.959054390565985,0.967611568907536,0.915574394432672
